CASE exp24 24 -1.00000000000000000e+00 1.00000000000000000e+00 24 6
DEFAULT 0 -1.00000000000000000e+00 3.67879441171442889e-01 1.69627594331057861e-15 3.67879441171442889e-01 1.69627594331057861e-15 3.67879441171442889e-01
DEFAULT 1 -9.49999999999999956e-01 3.86741023454500898e-01 1.69627594331057861e-15 3.86741023454500898e-01 1.69627594331057861e-15 3.86741023454500898e-01
DEFAULT 2 -9.00000000000000022e-01 4.06569659740599221e-01 1.69627594331057861e-15 4.06569659740599221e-01 1.69627594331057861e-15 4.06569659740599221e-01
DEFAULT 3 -8.49999999999999978e-01 4.27414931948728372e-01 1.69627594331057861e-15 4.27414931948728372e-01 1.69627594331057861e-15 4.27414931948728372e-01
DEFAULT 4 -8.00000000000000044e-01 4.49328964117219898e-01 1.69627594331057861e-15 4.49328964117219898e-01 1.69627594331057861e-15 4.49328964117219898e-01
DEFAULT 5 -7.50000000000000000e-01 4.72366552741014134e-01 1.69627594331057861e-15 4.72366552741014134e-01 1.69627594331057861e-15 4.72366552741014134e-01
DEFAULT 6 -6.99999999999999956e-01 4.96585303791411636e-01 1.69627594331057861e-15 4.96585303791411636e-01 1.69627594331057861e-15 4.96585303791411636e-01
DEFAULT 7 -6.50000000000000022e-01 5.22045776761017599e-01 1.69627594331057861e-15 5.22045776761017599e-01 1.69627594331057861e-15 5.22045776761017599e-01
DEFAULT 8 -5.99999999999999978e-01 5.48811636094026056e-01 1.69627594331057861e-15 5.48811636094026056e-01 1.69627594331057861e-15 5.48811636094026056e-01
DEFAULT 9 -5.50000000000000044e-01 5.76949810380486094e-01 1.69627594331057861e-15 5.76949810380486094e-01 1.69627594331057861e-15 5.76949810380486094e-01
DEFAULT 10 -5.00000000000000000e-01 6.06530659712633535e-01 1.69627594331057861e-15 6.06530659712633535e-01 1.69627594331057861e-15 6.06530659712633535e-01
DEFAULT 11 -4.49999999999999956e-01 6.37628151621773331e-01 1.69627594331057861e-15 6.37628151621773331e-01 1.69627594331057861e-15 6.37628151621773331e-01
DEFAULT 12 -4.00000000000000022e-01 6.70320046035638661e-01 1.69627594331057861e-15 6.70320046035638661e-01 1.69627594331057861e-15 6.70320046035638661e-01
DEFAULT 13 -3.49999999999999978e-01 7.04688089718712996e-01 1.69627594331057861e-15 7.04688089718712996e-01 1.69627594331057861e-15 7.04688089718712996e-01
DEFAULT 14 -3.00000000000000044e-01 7.40818220681718320e-01 1.69627594331057861e-15 7.40818220681718320e-01 1.69627594331057861e-15 7.40818220681718320e-01
DEFAULT 15 -2.50000000000000000e-01 7.78800783071405878e-01 1.69627594331057861e-15 7.78800783071405878e-01 1.69627594331057861e-15 7.78800783071405878e-01
DEFAULT 16 -1.99999999999999956e-01 8.18730753077982265e-01 1.69627594331057861e-15 8.18730753077982265e-01 1.69627594331057861e-15 8.18730753077982265e-01
DEFAULT 17 -1.50000000000000022e-01 8.60707976425057142e-01 1.69627594331057861e-15 8.60707976425057142e-01 1.69627594331057861e-15 8.60707976425057142e-01
DEFAULT 18 -9.99999999999999778e-02 9.04837418035958851e-01 1.69627594331057861e-15 9.04837418035958851e-01 1.69627594331057861e-15 9.04837418035958851e-01
DEFAULT 19 -5.00000000000000444e-02 9.51229424500714127e-01 1.69627594331057861e-15 9.51229424500714127e-01 1.69627594331057861e-15 9.51229424500714127e-01
DEFAULT 20 0.00000000000000000e+00 1.00000000000000089e+00 1.69627594331057861e-15 1.00000000000000089e+00 1.69627594331057861e-15 1.00000000000000089e+00
DEFAULT 21 5.00000000000000444e-02 1.05127109637602478e+00 1.69627594331057861e-15 1.05127109637602478e+00 1.69627594331057861e-15 1.05127109637602478e+00
DEFAULT 22 1.00000000000000089e-01 1.10517091807564771e+00 1.69627594331057861e-15 1.10517091807564771e+00 1.69627594331057861e-15 1.10517091807564771e+00
DEFAULT 23 1.49999999999999911e-01 1.16183424272828306e+00 1.69627594331057861e-15 1.16183424272828306e+00 1.69627594331057861e-15 1.16183424272828306e+00
DEFAULT 24 1.99999999999999956e-01 1.22140275816017074e+00 1.69627594331057861e-15 1.22140275816017074e+00 1.69627594331057861e-15 1.22140275816017074e+00
DEFAULT 25 2.50000000000000000e-01 1.28402541668774317e+00 1.69627594331057861e-15 1.28402541668774317e+00 1.69627594331057861e-15 1.28402541668774317e+00
DEFAULT 26 3.00000000000000044e-01 1.34985880757600407e+00 1.69627594331057861e-15 1.34985880757600407e+00 1.69627594331057861e-15 1.34985880757600407e+00
DEFAULT 27 3.50000000000000089e-01 1.41906754859325623e+00 1.69627594331057861e-15 1.41906754859325623e+00 1.69627594331057861e-15 1.41906754859325623e+00
DEFAULT 28 3.99999999999999911e-01 1.49182469764126835e+00 1.69627594331057861e-15 1.49182469764126835e+00 1.69627594331057861e-15 1.49182469764126835e+00
DEFAULT 29 4.49999999999999956e-01 1.56831218549016826e+00 1.69627594331057861e-15 1.56831218549016826e+00 1.69627594331057861e-15 1.56831218549016826e+00
DEFAULT 30 5.00000000000000000e-01 1.64872127070012997e+00 1.69627594331057861e-15 1.64872127070012997e+00 1.69627594331057861e-15 1.64872127070012997e+00
DEFAULT 31 5.50000000000000044e-01 1.73325301786739727e+00 1.69627594331057861e-15 1.73325301786739727e+00 1.69627594331057861e-15 1.73325301786739727e+00
DEFAULT 32 6.00000000000000089e-01 1.82211880039050933e+00 1.69627594331057861e-15 1.82211880039050933e+00 1.69627594331057861e-15 1.82211880039050933e+00
DEFAULT 33 6.49999999999999911e-01 1.91554082901389489e+00 1.69627594331057861e-15 1.91554082901389489e+00 1.69627594331057861e-15 1.91554082901389489e+00
DEFAULT 34 6.99999999999999956e-01 2.01375270747047663e+00 1.69627594331057861e-15 2.01375270747047663e+00 1.69627594331057861e-15 2.01375270747047663e+00
DEFAULT 35 7.50000000000000000e-01 2.11700001661267612e+00 1.69627594331057861e-15 2.11700001661267612e+00 1.69627594331057861e-15 2.11700001661267612e+00
DEFAULT 36 8.00000000000000044e-01 2.22554092849246876e+00 1.69627594331057861e-15 2.22554092849246876e+00 1.69627594331057861e-15 2.22554092849246876e+00
DEFAULT 37 8.50000000000000089e-01 2.33964685192599253e+00 1.69627594331057861e-15 2.33964685192599253e+00 1.69627594331057861e-15 2.33964685192599253e+00
DEFAULT 38 8.99999999999999911e-01 2.45960311115695074e+00 1.69627594331057861e-15 2.45960311115695074e+00 1.69627594331057861e-15 2.45960311115695074e+00
DEFAULT 39 9.49999999999999956e-01 2.58570965931584595e+00 1.69627594331057861e-15 2.58570965931584595e+00 1.69627594331057861e-15 2.58570965931584595e+00
DEFAULT 40 1.00000000000000000e+00 2.71828182845904642e+00 1.69627594331057861e-15 2.71828182845904642e+00 1.69627594331057861e-15 2.71828182845904642e+00
REDUCED 0 -1.00000000000000000e+00 3.67882450905585023e-01 4.49773229549831026e-05 3.67882450905585023e-01
REDUCED 1 -9.49999999999999956e-01 3.86739236617457127e-01 4.49773229549831026e-05 3.86739236617457127e-01
REDUCED 2 -9.00000000000000022e-01 4.06566633017484302e-01 4.49773229549831026e-05 4.06566633017484302e-01
REDUCED 3 -8.49999999999999978e-01 4.27412631064517434e-01 4.49773229549831026e-05 4.27412631064517434e-01
REDUCED 4 -8.00000000000000044e-01 4.49328229141158220e-01 4.49773229549831026e-05 4.49328229141158220e-01
REDUCED 5 -7.50000000000000000e-01 4.72367475452411867e-01 4.49773229549831026e-05 4.72367475452411867e-01
REDUCED 6 -6.99999999999999956e-01 4.96587526616174890e-01 4.49773229549831026e-05 4.96587526616174890e-01
REDUCED 7 -6.50000000000000022e-01 5.22048722445561442e-01 4.49773229549831026e-05 5.22048722445561442e-01
REDUCED 8 -5.99999999999999978e-01 5.48814676923063960e-01 4.49773229549831026e-05 5.48814676923063960e-01
REDUCED 9 -5.50000000000000044e-01 5.76952385366550580e-01 4.49773229549831026e-05 5.76952385366550580e-01
REDUCED 10 -5.00000000000000000e-01 6.06532347787099302e-01 4.49773229549831026e-05 6.06532347787099302e-01
REDUCED 11 -4.49999999999999956e-01 6.37628708438668257e-01 4.49773229549831026e-05 6.37628708438668257e-01
REDUCED 12 -4.00000000000000022e-01 6.70319411559601619e-01 4.49773229549831026e-05 6.70319411559601619e-01
REDUCED 13 -3.49999999999999978e-01 7.04686373305972613e-01 4.49773229549831026e-05 7.04686373305972613e-01
REDUCED 14 -3.00000000000000044e-01 7.40815669876762506e-01 4.49773229549831026e-05 7.40815669876762506e-01
REDUCED 15 -2.50000000000000000e-01 7.78797741830875578e-01 4.49773229549831026e-05 7.78797741830875578e-01
REDUCED 16 -1.99999999999999956e-01 8.18727614595990305e-01 4.49773229549831026e-05 8.18727614595990305e-01
REDUCED 17 -1.50000000000000022e-01 8.60705135169247404e-01 4.49773229549831026e-05 8.60705135169247404e-01
REDUCED 18 -9.99999999999999778e-02 9.04835225009773980e-01 4.49773229549831026e-05 9.04835225009773980e-01
REDUCED 19 -5.00000000000000444e-02 9.51228149123043210e-01 4.49773229549831026e-05 9.51228149123043210e-01
REDUCED 20 0.00000000000000000e+00 9.99999801337071448e-01 4.49773229549831026e-05 9.99999801337071448e-01
REDUCED 21 5.00000000000000444e-02 1.05127200577045032e+00 4.49773229549831026e-05 1.05127200577045032e+00
REDUCED 22 1.00000000000000089e-01 1.10517283449221626e+00 4.49773229549831026e-05 1.10517283449221626e+00
REDUCED 23 1.49999999999999911e-01 1.16183694137355520e+00 4.49773229549831026e-05 1.16183694137355520e+00
REDUCED 24 1.99999999999999956e-01 1.22140591213134564e+00 4.49773229549831026e-05 1.22140591213134564e+00
REDUCED 25 2.50000000000000000e-01 1.28402863056353400e+00 4.49773229549831026e-05 1.28402863056353400e+00
REDUCED 26 3.00000000000000044e-01 1.34986166097635052e+00 4.49773229549831026e-05 1.34986166097635052e+00
REDUCED 27 3.50000000000000089e-01 1.41906964680335923e+00 4.49773229549831026e-05 1.41906964680335923e+00
REDUCED 28 3.99999999999999911e-01 1.49182572541634428e+00 4.49773229549831026e-05 1.49182572541634428e+00
REDUCED 29 4.49999999999999956e-01 1.56831195912803345e+00 4.49773229549831026e-05 1.56831195912803345e+00
REDUCED 30 5.00000000000000000e-01 1.64871978238665595e+00 4.49773229549831026e-05 1.64871978238665595e+00
REDUCED 31 5.50000000000000044e-01 1.73325046516233883e+00 4.49773229549831026e-05 1.73325046516233883e+00
REDUCED 32 6.00000000000000089e-01 1.82211559252533895e+00 4.49773229549831026e-05 1.82211559252533895e+00
REDUCED 33 6.49999999999999911e-01 1.91553756041610912e+00 4.49773229549831026e-05 1.91553756041610912e+00
REDUCED 34 6.99999999999999956e-01 2.01375008760720542e+00 4.49773229549831026e-05 2.01375008760720542e+00
REDUCED 35 7.50000000000000000e-01 2.11699874385702369e+00 4.49773229549831026e-05 2.11699874385702369e+00
REDUCED 36 8.00000000000000044e-01 2.22554149425538039e+00 4.49773229549831026e-05 2.22554149425538039e+00
REDUCED 37 8.50000000000000089e-01 2.33964925976092175e+00 4.49773229549831026e-05 2.33964925976092175e+00
REDUCED 38 8.99999999999999911e-01 2.45960649393037478e+00 4.49773229549831026e-05 2.45960649393037478e+00
REDUCED 39 9.49999999999999956e-01 2.58571177583963419e+00 4.49773229549831026e-05 2.58571177583963419e+00
REDUCED 40 1.00000000000000000e+00 2.71827841919668067e+00 4.49773229549831026e-05 2.71827841919668067e+00
END exp24
CASE runge30 30 -1.00000000000000000e+00 1.00000000000000000e+00 30 11
DEFAULT 0 -1.00000000000000000e+00 3.76486367882661321e-02 1.69083548040844470e-03 3.76486367882661321e-02 1.69083548040844470e-03 3.76486367882661321e-02
DEFAULT 1 -9.49999999999999956e-01 4.32185432036007178e-02 1.69083548040844470e-03 4.32185432036007178e-02 1.69083548040844470e-03 4.32185432036007178e-02
DEFAULT 2 -9.00000000000000022e-01 4.69203335044594827e-02 1.69083548040844470e-03 4.69203335044594827e-02 1.69083548040844470e-03 4.69203335044594827e-02
DEFAULT 3 -8.49999999999999978e-01 5.25339713643111217e-02 1.69083548040844470e-03 5.25339713643111217e-02 1.69083548040844470e-03 5.25339713643111217e-02
DEFAULT 4 -8.00000000000000044e-01 5.83714733104467587e-02 1.69083548040844470e-03 5.83714733104467587e-02 1.69083548040844470e-03 5.83714733104467587e-02
DEFAULT 5 -7.50000000000000000e-01 6.73536857708476044e-02 1.69083548040844470e-03 6.73536857708476044e-02 1.69083548040844470e-03 6.73536857708476044e-02
DEFAULT 6 -6.99999999999999956e-01 7.44789160671602002e-02 1.69083548040844470e-03 7.44789160671602002e-02 1.69083548040844470e-03 7.44789160671602002e-02
DEFAULT 7 -6.50000000000000022e-01 8.65530251950035467e-02 1.69083548040844470e-03 8.65530251950035467e-02 1.69083548040844470e-03 8.65530251950035467e-02
DEFAULT 8 -5.99999999999999978e-01 1.01129575566359708e-01 1.69083548040844470e-03 1.01129575566359708e-01 1.69083548040844470e-03 1.01129575566359708e-01
DEFAULT 9 -5.50000000000000044e-01 1.15817974832414489e-01 1.69083548040844470e-03 1.15817974832414489e-01 1.69083548040844470e-03 1.15817974832414489e-01
DEFAULT 10 -5.00000000000000000e-01 1.37202226086031193e-01 1.69083548040844470e-03 1.37202226086031193e-01 1.69083548040844470e-03 1.37202226086031193e-01
DEFAULT 11 -4.49999999999999956e-01 1.66431314834578264e-01 1.69083548040844470e-03 1.66431314834578264e-01 1.69083548040844470e-03 1.66431314834578264e-01
DEFAULT 12 -4.00000000000000022e-01 2.00320411196942272e-01 1.69083548040844470e-03 2.00320411196942272e-01 1.69083548040844470e-03 2.00320411196942272e-01
DEFAULT 13 -3.49999999999999978e-01 2.44340174363367746e-01 1.69083548040844470e-03 2.44340174363367746e-01 1.69083548040844470e-03 2.44340174363367746e-01
DEFAULT 14 -3.00000000000000044e-01 3.07651936712584950e-01 1.69083548040844470e-03 3.07651936712584950e-01 1.69083548040844470e-03 3.07651936712584950e-01
DEFAULT 15 -2.50000000000000000e-01 3.92305446864197771e-01 1.69083548040844470e-03 3.92305446864197771e-01 1.69083548040844470e-03 3.92305446864197771e-01
DEFAULT 16 -1.99999999999999956e-01 4.99913179399900542e-01 1.69083548040844470e-03 4.99913179399900542e-01 1.69083548040844470e-03 4.99913179399900542e-01
DEFAULT 17 -1.50000000000000022e-01 6.37973030731724733e-01 1.69083548040844470e-03 6.37973030731724733e-01 1.69083548040844470e-03 6.37973030731724733e-01
DEFAULT 18 -9.99999999999999778e-02 8.00061537210472018e-01 1.69083548040844470e-03 8.00061537210472018e-01 1.69083548040844470e-03 8.00061537210472018e-01
DEFAULT 19 -5.00000000000000444e-02 9.42170877789045069e-01 1.69083548040844470e-03 9.42170877789045069e-01 1.69083548040844470e-03 9.42170877789045069e-01
DEFAULT 20 0.00000000000000000e+00 9.99999999999999889e-01 1.69083548040844470e-03 9.99999999999999889e-01 1.69083548040844470e-03 9.99999999999999889e-01
DEFAULT 21 5.00000000000000444e-02 9.42170877789043737e-01 1.69083548040844470e-03 9.42170877789043737e-01 1.69083548040844470e-03 9.42170877789043737e-01
DEFAULT 22 1.00000000000000089e-01 8.00061537210471241e-01 1.69083548040844470e-03 8.00061537210471241e-01 1.69083548040844470e-03 8.00061537210471241e-01
DEFAULT 23 1.49999999999999911e-01 6.37973030731726509e-01 1.69083548040844470e-03 6.37973030731726509e-01 1.69083548040844470e-03 6.37973030731726509e-01
DEFAULT 24 1.99999999999999956e-01 4.99913179399901764e-01 1.69083548040844470e-03 4.99913179399901764e-01 1.69083548040844470e-03 4.99913179399901764e-01
DEFAULT 25 2.50000000000000000e-01 3.92305446864197216e-01 1.69083548040844470e-03 3.92305446864197216e-01 1.69083548040844470e-03 3.92305446864197216e-01
DEFAULT 26 3.00000000000000044e-01 3.07651936712584118e-01 1.69083548040844470e-03 3.07651936712584118e-01 1.69083548040844470e-03 3.07651936712584118e-01
DEFAULT 27 3.50000000000000089e-01 2.44340174363368329e-01 1.69083548040844470e-03 2.44340174363368329e-01 1.69083548040844470e-03 2.44340174363368329e-01
DEFAULT 28 3.99999999999999911e-01 2.00320411196943271e-01 1.69083548040844470e-03 2.00320411196943271e-01 1.69083548040844470e-03 2.00320411196943271e-01
DEFAULT 29 4.49999999999999956e-01 1.66431314834577654e-01 1.69083548040844470e-03 1.66431314834577654e-01 1.69083548040844470e-03 1.66431314834577654e-01
DEFAULT 30 5.00000000000000000e-01 1.37202226086030166e-01 1.69083548040844470e-03 1.37202226086030166e-01 1.69083548040844470e-03 1.37202226086030166e-01
DEFAULT 31 5.50000000000000044e-01 1.15817974832414572e-01 1.69083548040844470e-03 1.15817974832414572e-01 1.69083548040844470e-03 1.15817974832414572e-01
DEFAULT 32 6.00000000000000089e-01 1.01129575566359819e-01 1.69083548040844470e-03 1.01129575566359819e-01 1.69083548040844470e-03 1.01129575566359819e-01
DEFAULT 33 6.49999999999999911e-01 8.65530251950032969e-02 1.69083548040844470e-03 8.65530251950032969e-02 1.69083548040844470e-03 8.65530251950032969e-02
DEFAULT 34 6.99999999999999956e-01 7.44789160671606720e-02 1.69083548040844470e-03 7.44789160671606720e-02 1.69083548040844470e-03 7.44789160671606720e-02
DEFAULT 35 7.50000000000000000e-01 6.73536857708475212e-02 1.69083548040844470e-03 6.73536857708475212e-02 1.69083548040844470e-03 6.73536857708475212e-02
DEFAULT 36 8.00000000000000044e-01 5.83714733104464256e-02 1.69083548040844470e-03 5.83714733104464256e-02 1.69083548040844470e-03 5.83714733104464256e-02
DEFAULT 37 8.50000000000000089e-01 5.25339713643120099e-02 1.69083548040844470e-03 5.25339713643120099e-02 1.69083548040844470e-03 5.25339713643120099e-02
DEFAULT 38 8.99999999999999911e-01 4.69203335044577063e-02 1.69083548040844470e-03 4.69203335044577063e-02 1.69083548040844470e-03 4.69203335044577063e-02
DEFAULT 39 9.49999999999999956e-01 4.32185432036015782e-02 1.69083548040844470e-03 4.32185432036015782e-02 1.69083548040844470e-03 4.32185432036015782e-02
DEFAULT 40 1.00000000000000000e+00 3.76486367882624684e-02 1.69083548040844470e-03 3.76486367882624684e-02 1.69083548040844470e-03 3.76486367882624684e-02
REDUCED 0 -1.00000000000000000e+00 1.68362508619252227e-02 3.35135287099736630e-16 1.68362508619252227e-02
REDUCED 1 -9.49999999999999956e-01 6.32200959381983840e-02 3.35135287099736630e-16 6.32200959381983840e-02
REDUCED 2 -9.00000000000000022e-01 3.90019663468744449e-02 3.35135287099736630e-16 3.90019663468744449e-02
REDUCED 3 -8.49999999999999978e-01 2.72481629985246998e-02 3.35135287099736630e-16 2.72481629985246998e-02
REDUCED 4 -8.00000000000000044e-01 4.30778906886286894e-02 3.35135287099736630e-16 4.30778906886286894e-02
REDUCED 5 -7.50000000000000000e-01 7.38926318625154344e-02 3.35135287099736630e-16 7.38926318625154344e-02
REDUCED 6 -6.99999999999999956e-01 1.02367747434501666e-01 3.35135287099736630e-16 1.02367747434501666e-01
REDUCED 7 -6.50000000000000022e-01 1.17505311148289465e-01 3.35135287099736630e-16 1.17505311148289465e-01
REDUCED 8 -5.99999999999999978e-01 1.17919146932303709e-01 3.35135287099736630e-16 1.17919146932303709e-01
REDUCED 9 -5.50000000000000044e-01 1.10546292631221121e-01 3.35135287099736630e-16 1.10546292631221121e-01
REDUCED 10 -5.00000000000000000e-01 1.07143897676308608e-01 3.35135287099736630e-16 1.07143897676308608e-01
REDUCED 11 -4.49999999999999956e-01 1.20227115985184291e-01 3.35135287099736630e-16 1.20227115985184291e-01
REDUCED 12 -4.00000000000000022e-01 1.59522117949094044e-01 3.35135287099736630e-16 1.59522117949094044e-01
REDUCED 13 -3.49999999999999978e-01 2.29539156065588917e-01 3.35135287099736630e-16 2.29539156065588917e-01
REDUCED 14 -3.00000000000000044e-01 3.28503916899444137e-01 3.35135287099736630e-16 3.28503916899444137e-01
REDUCED 15 -2.50000000000000000e-01 4.48611416897620963e-01 3.35135287099736630e-16 4.48611416897620963e-01
REDUCED 16 -1.99999999999999956e-01 5.77375690437867628e-01 3.35135287099736630e-16 5.77375690437867628e-01
REDUCED 17 -1.50000000000000022e-01 6.99730714648052698e-01 3.35135287099736630e-16 6.99730714648052698e-01
REDUCED 18 -9.99999999999999778e-02 8.00483656287333534e-01 3.35135287099736630e-16 8.00483656287333534e-01
REDUCED 19 -5.00000000000000444e-02 8.66720850623649341e-01 3.35135287099736630e-16 8.66720850623649341e-01
REDUCED 20 0.00000000000000000e+00 8.89810170067629191e-01 3.35135287099736630e-16 8.89810170067629191e-01
REDUCED 21 5.00000000000000444e-02 8.66720850623649564e-01 3.35135287099736630e-16 8.66720850623649564e-01
REDUCED 22 1.00000000000000089e-01 8.00483656287333645e-01 3.35135287099736630e-16 8.00483656287333645e-01
REDUCED 23 1.49999999999999911e-01 6.99730714648053143e-01 3.35135287099736630e-16 6.99730714648053143e-01
REDUCED 24 1.99999999999999956e-01 5.77375690437867961e-01 3.35135287099736630e-16 5.77375690437867961e-01
REDUCED 25 2.50000000000000000e-01 4.48611416897621296e-01 3.35135287099736630e-16 4.48611416897621296e-01
REDUCED 26 3.00000000000000044e-01 3.28503916899444248e-01 3.35135287099736630e-16 3.28503916899444248e-01
REDUCED 27 3.50000000000000089e-01 2.29539156065588695e-01 3.35135287099736630e-16 2.29539156065588695e-01
REDUCED 28 3.99999999999999911e-01 1.59522117949093989e-01 3.35135287099736630e-16 1.59522117949093989e-01
REDUCED 29 4.49999999999999956e-01 1.20227115985184096e-01 3.35135287099736630e-16 1.20227115985184096e-01
REDUCED 30 5.00000000000000000e-01 1.07143897676308386e-01 3.35135287099736630e-16 1.07143897676308386e-01
REDUCED 31 5.50000000000000044e-01 1.10546292631221010e-01 3.35135287099736630e-16 1.10546292631221010e-01
REDUCED 32 6.00000000000000089e-01 1.17919146932303709e-01 3.35135287099736630e-16 1.17919146932303709e-01
REDUCED 33 6.49999999999999911e-01 1.17505311148289660e-01 3.35135287099736630e-16 1.17505311148289660e-01
REDUCED 34 6.99999999999999956e-01 1.02367747434501832e-01 3.35135287099736630e-16 1.02367747434501832e-01
REDUCED 35 7.50000000000000000e-01 7.38926318625155454e-02 3.35135287099736630e-16 7.38926318625155454e-02
REDUCED 36 8.00000000000000044e-01 4.30778906886285784e-02 3.35135287099736630e-16 4.30778906886285784e-02
REDUCED 37 8.50000000000000089e-01 2.72481629985244500e-02 3.35135287099736630e-16 2.72481629985244500e-02
REDUCED 38 8.99999999999999911e-01 3.90019663468742228e-02 3.35135287099736630e-16 3.90019663468742228e-02
REDUCED 39 9.49999999999999956e-01 6.32200959381984118e-02 3.35135287099736630e-16 6.32200959381984118e-02
REDUCED 40 1.00000000000000000e+00 1.68362508619253337e-02 3.35135287099736630e-16 1.68362508619253337e-02
END runge30
CASE exp5 5 -2.00000000000000000e+00 3.00000000000000000e+00 5 0
DEFAULT 0 -2.00000000000000000e+00 1.20113570132788006e-01 1.04514674067937657e-01 1.20113570132788006e-01 1.04514674067937657e-01 1.20113570132788006e-01
DEFAULT 1 -1.87500000000000000e+00 1.58421260177823875e-01 1.04514674067937657e-01 1.58421260177823875e-01 1.04514674067937657e-01 1.58421260177823875e-01
DEFAULT 2 -1.75000000000000000e+00 1.87956153505161261e-01 1.04514674067937657e-01 1.87956153505161261e-01 1.04514674067937657e-01 1.87956153505161261e-01
DEFAULT 3 -1.62500000000000000e+00 2.12494283821869523e-01 1.04514674067937657e-01 2.12494283821869523e-01 1.04514674067937657e-01 2.12494283821869523e-01
DEFAULT 4 -1.50000000000000000e+00 2.35228197665539263e-01 1.04514674067937657e-01 2.35228197665539263e-01 1.04514674067937657e-01 2.35228197665539263e-01
DEFAULT 5 -1.37500000000000000e+00 2.58829663208719474e-01 1.04514674067937657e-01 2.58829663208719474e-01 1.04514674067937657e-01 2.58829663208719474e-01
DEFAULT 6 -1.25000000000000000e+00 2.85512379063365351e-01 1.04514674067937657e-01 2.85512379063365351e-01 1.04514674067937657e-01 2.85512379063365351e-01
DEFAULT 7 -1.12500000000000000e+00 3.17094683085270113e-01 1.04514674067937657e-01 3.17094683085270113e-01 1.04514674067937657e-01 3.17094683085270113e-01
DEFAULT 8 -1.00000000000000000e+00 3.55062261178512806e-01 1.04514674067937657e-01 3.55062261178512806e-01 1.04514674067937657e-01 3.55062261178512806e-01
DEFAULT 9 -8.75000000000000000e-01 4.00630856099895460e-01 1.04514674067937657e-01 4.00630856099895460e-01 1.04514674067937657e-01 4.00630856099895460e-01
DEFAULT 10 -7.50000000000000000e-01 4.54808976263385567e-01 1.04514674067937657e-01 4.54808976263385567e-01 1.04514674067937657e-01 4.54808976263385567e-01
DEFAULT 11 -6.25000000000000000e-01 5.18460604544555004e-01 1.04514674067937657e-01 5.18460604544555004e-01 1.04514674067937657e-01 5.18460604544555004e-01
DEFAULT 12 -5.00000000000000000e-01 5.92367907085025180e-01 1.04514674067937657e-01 5.92367907085025180e-01 1.04514674067937657e-01 5.92367907085025180e-01
DEFAULT 13 -3.75000000000000000e-01 6.77293942096899748e-01 1.04514674067937657e-01 6.77293942096899748e-01 1.04514674067937657e-01 6.77293942096899748e-01
DEFAULT 14 -2.50000000000000000e-01 7.74045368667214184e-01 1.04514674067937657e-01 7.74045368667214184e-01 1.04514674067937657e-01 7.74045368667214184e-01
DEFAULT 15 -1.25000000000000000e-01 8.83535155562370278e-01 1.04514674067937657e-01 8.83535155562370278e-01 1.04514674067937657e-01 8.83535155562370278e-01
DEFAULT 16 0.00000000000000000e+00 1.00684529003258127e+00 1.04514674067937657e-01 1.00684529003258127e+00 1.04514674067937657e-01 1.00684529003258127e+00
DEFAULT 17 1.25000000000000000e-01 1.14528948661630814e+00 1.04514674067937657e-01 1.14528948661630814e+00 1.04514674067937657e-01 1.14528948661630814e+00
DEFAULT 18 2.50000000000000000e-01 1.30047589594470381e+00 1.04514674067937657e-01 1.30047589594470381e+00 1.04514674067937657e-01 1.30047589594470381e+00
DEFAULT 19 3.75000000000000000e-01 1.47436981354605434e+00 1.04514674067937657e-01 1.47436981354605434e+00 1.04514674067937657e-01 1.47436981354605434e+00
DEFAULT 20 5.00000000000000000e-01 1.66935638865021518e+00 1.04514674067937657e-01 1.66935638865021518e+00 1.04514674067937657e-01 1.66935638865021518e+00
DEFAULT 21 6.25000000000000000e-01 1.88830333299305719e+00 1.04514674067937657e-01 1.88830333299305719e+00 1.04514674067937657e-01 1.88830333299305719e+00
DEFAULT 22 7.50000000000000000e-01 2.13462362962090424e+00 1.04514674067937657e-01 2.13462362962090424e+00 1.04514674067937657e-01 2.13462362962090424e+00
DEFAULT 23 8.75000000000000000e-01 2.41233824169497524e+00 1.04514674067937657e-01 2.41233824169497524e+00 1.04514674067937657e-01 2.41233824169497524e+00
DEFAULT 24 1.00000000000000000e+00 2.72613882129582485e+00 1.04514674067937657e-01 2.72613882129582485e+00 1.04514674067937657e-01 2.72613882129582485e+00
DEFAULT 25 1.12500000000000000e+00 3.08145041822778243e+00 1.04514674067937657e-01 3.08145041822778243e+00 1.04514674067937657e-01 3.08145041822778243e+00
DEFAULT 26 1.25000000000000000e+00 3.48449418882339579e+00 1.04514674067937657e-01 3.48449418882339579e+00 1.04514674067937657e-01 3.48449418882339579e+00
DEFAULT 27 1.37500000000000000e+00 3.94235010474787062e+00 1.04514674067937657e-01 3.94235010474787062e+00 1.04514674067937657e-01 3.94235010474787062e+00
DEFAULT 28 1.50000000000000000e+00 4.46301966180350984e+00 1.04514674067937657e-01 4.46301966180350984e+00 1.04514674067937657e-01 4.46301966180350984e+00
DEFAULT 29 1.62500000000000000e+00 5.05548858873415696e+00 1.04514674067937657e-01 5.05548858873415696e+00 1.04514674067937657e-01 5.05548858873415696e+00
DEFAULT 30 1.75000000000000000e+00 5.72978955602963325e+00 1.04514674067937657e-01 5.72978955602963325e+00 1.04514674067937657e-01 5.72978955602963325e+00
DEFAULT 31 1.87500000000000000e+00 6.49706488473018418e+00 1.04514674067937657e-01 6.49706488473018418e+00 1.04514674067937657e-01 6.49706488473018418e+00
DEFAULT 32 2.00000000000000000e+00 7.36962925523091261e+00 1.04514674067937657e-01 7.36962925523091261e+00 1.04514674067937657e-01 7.36962925523091261e+00
DEFAULT 33 2.12500000000000000e+00 8.36103241608622838e+00 1.04514674067937657e-01 8.36103241608622838e+00 1.04514674067937657e-01 8.36103241608622838e+00
DEFAULT 34 2.25000000000000000e+00 9.48612189281427831e+00 1.04514674067937657e-01 9.48612189281427831e+00 1.04514674067937657e-01 9.48612189281427831e+00
DEFAULT 35 2.37500000000000000e+00 1.07611056967013994e+01 1.04514674067937657e-01 1.07611056967013994e+01 1.04514674067937657e-01 1.07611056967013994e+01
DEFAULT 36 2.50000000000000000e+00 1.22036150336065496e+01 1.04514674067937657e-01 1.22036150336065496e+01 1.04514674067937657e-01 1.22036150336065496e+01
DEFAULT 37 2.62500000000000000e+00 1.38327670127657534e+01 1.04514674067937657e-01 1.38327670127657534e+01 1.04514674067937657e-01 1.38327670127657534e+01
DEFAULT 38 2.75000000000000000e+00 1.56692273555965400e+01 1.04514674067937657e-01 1.56692273555965400e+01 1.04514674067937657e-01 1.56692273555965400e+01
DEFAULT 39 2.87500000000000000e+00 1.77352731045023830e+01 1.04514674067937657e-01 1.77352731045023830e+01 1.04514674067937657e-01 1.77352731045023830e+01
DEFAULT 40 3.00000000000000000e+00 2.00548553316771496e+01 1.04514674067937657e-01 2.00548553316771496e+01 1.04514674067937657e-01 2.00548553316771496e+01
REDUCED 0 -2.00000000000000000e+00 5.42402766106599632e+00 1.08480553221319944e+01 5.42402766106599632e+00
REDUCED 1 -1.87500000000000000e+00 5.42402766106599632e+00 1.08480553221319944e+01 5.42402766106599632e+00
REDUCED 2 -1.75000000000000000e+00 5.42402766106599632e+00 1.08480553221319944e+01 5.42402766106599632e+00
REDUCED 3 -1.62500000000000000e+00 5.42402766106599632e+00 1.08480553221319944e+01 5.42402766106599632e+00
REDUCED 4 -1.50000000000000000e+00 5.42402766106599632e+00 1.08480553221319944e+01 5.42402766106599632e+00
REDUCED 5 -1.37500000000000000e+00 5.42402766106599632e+00 1.08480553221319944e+01 5.42402766106599632e+00
REDUCED 6 -1.25000000000000000e+00 5.42402766106599632e+00 1.08480553221319944e+01 5.42402766106599632e+00
REDUCED 7 -1.12500000000000000e+00 5.42402766106599632e+00 1.08480553221319944e+01 5.42402766106599632e+00
REDUCED 8 -1.00000000000000000e+00 5.42402766106599632e+00 1.08480553221319944e+01 5.42402766106599632e+00
REDUCED 9 -8.75000000000000000e-01 5.42402766106599632e+00 1.08480553221319944e+01 5.42402766106599632e+00
REDUCED 10 -7.50000000000000000e-01 5.42402766106599632e+00 1.08480553221319944e+01 5.42402766106599632e+00
REDUCED 11 -6.25000000000000000e-01 5.42402766106599632e+00 1.08480553221319944e+01 5.42402766106599632e+00
REDUCED 12 -5.00000000000000000e-01 5.42402766106599632e+00 1.08480553221319944e+01 5.42402766106599632e+00
REDUCED 13 -3.75000000000000000e-01 5.42402766106599632e+00 1.08480553221319944e+01 5.42402766106599632e+00
REDUCED 14 -2.50000000000000000e-01 5.42402766106599632e+00 1.08480553221319944e+01 5.42402766106599632e+00
REDUCED 15 -1.25000000000000000e-01 5.42402766106599632e+00 1.08480553221319944e+01 5.42402766106599632e+00
REDUCED 16 0.00000000000000000e+00 5.42402766106599632e+00 1.08480553221319944e+01 5.42402766106599632e+00
REDUCED 17 1.25000000000000000e-01 5.42402766106599632e+00 1.08480553221319944e+01 5.42402766106599632e+00
REDUCED 18 2.50000000000000000e-01 5.42402766106599632e+00 1.08480553221319944e+01 5.42402766106599632e+00
REDUCED 19 3.75000000000000000e-01 5.42402766106599632e+00 1.08480553221319944e+01 5.42402766106599632e+00
REDUCED 20 5.00000000000000000e-01 5.42402766106599632e+00 1.08480553221319944e+01 5.42402766106599632e+00
REDUCED 21 6.25000000000000000e-01 5.42402766106599632e+00 1.08480553221319944e+01 5.42402766106599632e+00
REDUCED 22 7.50000000000000000e-01 5.42402766106599632e+00 1.08480553221319944e+01 5.42402766106599632e+00
REDUCED 23 8.75000000000000000e-01 5.42402766106599632e+00 1.08480553221319944e+01 5.42402766106599632e+00
REDUCED 24 1.00000000000000000e+00 5.42402766106599632e+00 1.08480553221319944e+01 5.42402766106599632e+00
REDUCED 25 1.12500000000000000e+00 5.42402766106599632e+00 1.08480553221319944e+01 5.42402766106599632e+00
REDUCED 26 1.25000000000000000e+00 5.42402766106599632e+00 1.08480553221319944e+01 5.42402766106599632e+00
REDUCED 27 1.37500000000000000e+00 5.42402766106599632e+00 1.08480553221319944e+01 5.42402766106599632e+00
REDUCED 28 1.50000000000000000e+00 5.42402766106599632e+00 1.08480553221319944e+01 5.42402766106599632e+00
REDUCED 29 1.62500000000000000e+00 5.42402766106599632e+00 1.08480553221319944e+01 5.42402766106599632e+00
REDUCED 30 1.75000000000000000e+00 5.42402766106599632e+00 1.08480553221319944e+01 5.42402766106599632e+00
REDUCED 31 1.87500000000000000e+00 5.42402766106599632e+00 1.08480553221319944e+01 5.42402766106599632e+00
REDUCED 32 2.00000000000000000e+00 5.42402766106599632e+00 1.08480553221319944e+01 5.42402766106599632e+00
REDUCED 33 2.12500000000000000e+00 5.42402766106599632e+00 1.08480553221319944e+01 5.42402766106599632e+00
REDUCED 34 2.25000000000000000e+00 5.42402766106599632e+00 1.08480553221319944e+01 5.42402766106599632e+00
REDUCED 35 2.37500000000000000e+00 5.42402766106599632e+00 1.08480553221319944e+01 5.42402766106599632e+00
REDUCED 36 2.50000000000000000e+00 5.42402766106599632e+00 1.08480553221319944e+01 5.42402766106599632e+00
REDUCED 37 2.62500000000000000e+00 5.42402766106599632e+00 1.08480553221319944e+01 5.42402766106599632e+00
REDUCED 38 2.75000000000000000e+00 5.42402766106599632e+00 1.08480553221319944e+01 5.42402766106599632e+00
REDUCED 39 2.87500000000000000e+00 5.42402766106599632e+00 1.08480553221319944e+01 5.42402766106599632e+00
REDUCED 40 3.00000000000000000e+00 5.42402766106599632e+00 1.08480553221319944e+01 5.42402766106599632e+00
END exp5
