e1 -3.00000000000000000e+01 -3.68973209407274170e+11 5.06081504664995189e-03
e1s -3.00000000000000000e+01 -3.45271217923618437e-02 4.73571991215835379e-16
e1 -2.95000000000000000e+01 -2.27730606453783691e+11 3.07301773671280051e-03
e1s -2.95000000000000000e+01 -3.51345330946580339e-02 4.74108619180788834e-16
e1 -2.90000000000000000e+01 -1.40599195758406891e+11 1.86606756040058348e-03
e1s -2.90000000000000000e+01 -3.57637344299482768e-02 4.74665194907542502e-16
e1 -2.85000000000000000e+01 -8.68328477643468781e+10 1.13320460483182922e-03
e1s -2.85000000000000000e+01 -3.64159219958849895e-02 4.75242855179943202e-16
e1 -2.80000000000000000e+01 -5.36451185923146820e+10 6.88191047376406182e-04
e1s -2.80000000000000000e+01 -3.70923813731520516e-02 4.75842825157471272e-16
e1 -2.75000000000000000e+01 -3.31533036433240967e+10 4.17955993195185240e-04
e1s -2.75000000000000000e+01 -3.77944960548952172e-02 4.76466427173573185e-16
e1 -2.70000000000000000e+01 -2.04964971198808098e+10 2.53848244525041314e-04
e1s -2.70000000000000000e+01 -3.85237569749263056e-02 4.77115090612674686e-16
e1 -2.65000000000000000e+01 -1.26763684538848114e+10 1.54184656036958508e-04
e1s -2.65000000000000000e+01 -3.92817731743878504e-02 4.77790363024568691e-16
e1 -2.60000000000000000e+01 -7.84294099189818764e+09 9.36554285967840640e-05
e1s -2.60000000000000000e+01 -4.00702837694551159e-02 4.78493922662397563e-16
e1 -2.55000000000000000e+01 -4.85443667852019787e+09 5.68919872670327622e-05
e1s -2.55000000000000000e+01 -4.08911714098780590e-02 4.79227592663542342e-16
e1 -2.50000000000000000e+01 -3.00595090652554941e+09 3.45618733629520438e-05
e1s -2.50000000000000000e+01 -4.17464774506645306e-02 4.79993357132673055e-16
e1 -2.45000000000000000e+01 -1.86215531371395659e+09 2.09977753690126537e-05
e1s -2.45000000000000000e+01 -4.26384190981487221e-02 4.80793379434661799e-16
e1 -2.40000000000000000e+01 -1.15411539184918284e+09 1.27579565023441144e-05
e1s -2.40000000000000000e+01 -4.35694088385405742e-02 4.81630023064094016e-16
e1 -2.35000000000000000e+01 -7.15633700889919996e+08 7.75216362670255460e-06
e1s -2.35000000000000000e+01 -4.45420765136559232e-02 4.82505875530419993e-16
e1 -2.30000000000000000e+01 -4.43966369830271244e+08 4.71086967628593437e-06
e1s -2.30000000000000000e+01 -4.55592944772188896e-02 4.83423775786806992e-16
e1 -2.25000000000000000e+01 -2.75573400295993507e+08 2.86297913938131198e-06
e1s -2.25000000000000000e+01 -4.66242063488779140e-02 4.84386845840969550e-16
e1 -2.20000000000000000e+01 -1.71144671300363690e+08 1.74011141609532782e-06
e1s -2.20000000000000000e+01 -4.77402599856904461e-02 4.85398527323487765e-16
e1 -2.15000000000000000e+01 -1.06350633750237375e+08 1.05774465386752854e-06
e1s -2.15000000000000000e+01 -4.89112454172111813e-02 4.86462623961019051e-16
e1 -2.10000000000000000e+01 -6.61271863554849252e+07 6.43032595327054877e-07
e1s -2.10000000000000000e+01 -5.01413386468256145e-02 4.87583351118441583e-16
e1 -2.05000000000000000e+01 -4.11430904170676172e+07 3.90964502814241417e-07
e1s -2.05000000000000000e+01 -5.14351524169060006e-02 4.88765393848691522e-16
e1 -2.00000000000000000e+01 -2.56156526640565880e+07 2.37737726050666698e-07
e1s -2.00000000000000000e+01 -5.27977952796481326e-02 4.90013975239637132e-16
e1 -1.95000000000000000e+01 -1.59595839716902617e+07 1.44570897266054427e-07
e1s -1.95000000000000000e+01 -5.42349406235243595e-02 4.91290627814760656e-16
e1 -1.90000000000000000e+01 -9.95090725104684383e+06 8.79277120957934896e-08
e1s -1.90000000000000000e+01 -5.57529076964290229e-02 4.92641072091114320e-16
e1 -1.85000000000000000e+01 -6.20937155444605183e+06 5.34857580270428790e-08
e1s -1.85000000000000000e+01 -5.73587571666675095e-02 4.94071997407148305e-16
e1 -1.80000000000000000e+01 -3.87790433059744351e+06 3.25404861367274247e-08
e1s -1.80000000000000000e+01 -5.90604044069324430e-02 4.95590944745460678e-16
e1 -1.75000000000000000e+01 -2.42400537581689516e+06 1.98011397217325920e-08
e1s -1.75000000000000000e+01 -6.08667545219509637e-02 4.97206451240391571e-16
e1 -1.70000000000000000e+01 -1.51663789404251706e+06 1.20515872291885123e-08
e1s -1.70000000000000000e+01 -6.27878642328551645e-02 4.98928205413471318e-16
e1 -1.65000000000000000e+01 -9.49881403823564178e+05 7.33660135018022621e-09
e1s -1.65000000000000000e+01 -6.48351371705582630e-02 5.00767309466131225e-16
e1 -1.60000000000000000e+01 -5.95560998670836911e+05 4.46737220250831016e-09
e1s -1.60000000000000000e+01 -6.70215610413990859e-02 5.02736511345234146e-16
e1 -1.55000000000000000e+01 -3.73840253235793905e+05 2.72099214623699905e-09
e1s -1.55000000000000000e+01 -6.93619976851862080e-02 5.04850532587404124e-16
e1 -1.50000000000000000e+01 -2.34955852490768302e+05 1.65780528572328742e-09
e1s -1.50000000000000000e+01 -7.18735404924107091e-02 5.07126483842945920e-16
e1 -1.45000000000000000e+01 -1.47866172209188284e+05 1.01038315372887638e-09
e1s -1.45000000000000000e+01 -7.45759583265649117e-02 5.09584381881129833e-16
e1 -1.40000000000000000e+01 -9.31925136339653691e+04 6.16031404413187883e-10
e1s -1.40000000000000000e+01 -7.74922514920930033e-02 5.12247804639270072e-16
e1 -1.35000000000000000e+01 -5.88269590832788235e+04 3.75754995887562926e-10
e1s -1.35000000000000000e+01 -8.06493540795658603e-02 5.15144725866268732e-16
e1 -1.30000000000000000e+01 -3.71976884906890409e+04 2.29306658572674901e-10
e1s -1.30000000000000000e+01 -8.40790291672251500e-02 5.18308583588381327e-16
e1 -1.25000000000000000e+01 -2.35651175885523371e+04 1.40012936133549116e-10
e1s -1.25000000000000000e+01 -8.78190202117854340e-02 5.21779652574139153e-16
e1 -1.20000000000000000e+01 -1.49595326663975284e+04 8.55450267164811920e-11
e1s -1.20000000000000000e+01 -9.19145454088965974e-02 5.25606809917195596e-16
e1 -1.15000000000000000e+01 -9.51819976020204012e+03 5.23045323317982885e-11
e1s -1.15000000000000000e+01 -9.64202544613110696e-02 5.29849808153722974e-16
e1 -1.10000000000000000e+01 -6.07140637409861120e+03 3.20076496746165459e-11
e1s -1.10000000000000000e+01 -1.01402812636185308e-01 5.34582187864449204e-16
e1 -1.05000000000000000e+01 -3.88373746532696850e+03 1.96065579588700831e-11
e1s -1.05000000000000000e+01 -1.06944340001691479e-01 5.39894990157308106e-16
e1 -1.00000000000000000e+01 -2.49222897624187817e+03 1.20242792527348280e-11
e1s -1.00000000000000000e+01 -1.13147020473410798e-01 5.45901433518664956e-16
e1 -9.50000000000000000e+00 -1.60502840663233883e+03 4.33008730990065020e-13
e1s -9.50000000000000000e+00 -1.20139313258170954e-01 3.24114958719574497e-17
e1 -9.00000000000000000e+00 -1.03787829071708961e+03 2.84581650352425317e-13
e1s -9.00000000000000000e+00 -1.28084356523213871e-01 3.51201657166567492e-17
e1 -8.50000000000000000e+00 -6.74263801518337118e+02 1.88252099878276295e-13
e1s -8.50000000000000000e+00 -1.37191355977852786e-01 3.83033477250617721e-17
e1 -8.00000000000000000e+00 -4.40379899534838330e+02 1.25449473425710793e-13
e1s -8.00000000000000000e+00 -1.47730998373401007e-01 4.20836100243752671e-17
e1 -7.50000000000000000e+00 -2.89388398200144593e+02 8.41143155384029133e-14
e1s -7.50000000000000000e+00 -1.60056199946617433e-01 4.65223132299737069e-17
e1 -7.00000000000000000e+00 -1.91504743335501360e+02 5.68663614539499515e-14
e1s -7.00000000000000000e+00 -1.74629721765790141e-01 5.18554094565614696e-17
e1 -6.50000000000000000e+00 -1.27747220233225974e+02 3.88714112401974117e-14
e1s -6.50000000000000000e+00 -1.92060177692569473e-01 5.84408031448617401e-17
e1 -6.00000000000000000e+00 -8.59897621424392042e+01 2.68952148761907147e-14
e1s -6.00000000000000000e+00 -2.13147310081593599e-01 6.66665724162671554e-17
e1 -5.50000000000000000e+00 -5.84655142498239471e+01 1.85092838241456228e-14
e1s -5.50000000000000000e+00 -2.38935193771294407e-01 7.56432124789432769e-17
e1 -5.00000000000000000e+00 -4.01852753558031779e+01 1.25583390556996808e-14
e1s -5.00000000000000000e+00 -2.70766255491057206e-01 8.46174229538494805e-17
e1 -4.50000000000000000e+00 -2.79336966979395775e+01 8.60026491280612078e-15
e1s -4.50000000000000000e+00 -3.10315339917721311e-01 9.55403131443299648e-17
e1 -4.00000000000000000e+00 -1.96308744700562166e+01 5.94463017513442633e-15
e1s -4.00000000000000000e+00 -3.59552007863620682e-01 1.08879699614834791e-16
e1 -3.50000000000000000e+00 -1.39253539951523351e+01 1.36606747960195549e-14
e1s -3.50000000000000000e+00 -4.20509253883129819e-01 4.12516634623005109e-16
e1 -3.00000000000000000e+00 -9.93383257062541603e+00 1.03388203672033218e-14
e1s -3.00000000000000000e+00 -4.94576401348641226e-01 5.14739556465016010e-16
e1 -2.50000000000000000e+00 -7.07376589457860128e+00 7.91431370198384391e-15
e1s -2.50000000000000000e+00 -5.80650063722266796e-01 6.49646429336447152e-16
e1 -2.00000000000000000e+00 -4.95423435600189066e+00 7.64289440273947000e-15
e1s -2.00000000000000000e+00 -6.70482709790073406e-01 1.03435327874226811e-15
e1 -1.50000000000000000e+00 -3.30128544912979915e+00 7.38482602854560837e-15
e1s -1.50000000000000000e+00 -7.36616350960013100e-01 1.64777741441767471e-15
e1 -1.00000000000000000e+00 -1.89511781635593657e+00 7.08278239572255148e-15
e1s -1.00000000000000000e+00 -6.97174883235066045e-01 2.60561002967734183e-15
e1 -5.00000000000000000e-01 -4.54219904863173596e-01 4.95847365746116913e-16
e1s -5.00000000000000000e-01 -2.75498298551270282e-01 3.00746629862763763e-16
e1 5.00000000000000000e-01 5.59773594776160732e-01 5.19257321045262462e-16
e1s 5.00000000000000000e-01 9.22910632483730398e-01 8.56110590174089585e-16
e1 1.00000000000000000e+00 2.19383934395520286e-01 2.65412200852262648e-16
e1s 1.00000000000000000e+00 5.96347362323194075e-01 7.21465162628027934e-16
e1 1.50000000000000000e+00 1.00019582406632640e-01 6.30775850136226639e-17
e1s 1.50000000000000000e+00 4.48256669291582921e-01 2.82694123338872825e-16
e1 2.00000000000000000e+00 4.89005107080611248e-02 3.07778211717476318e-17
e1s 2.00000000000000000e+00 3.61328616888222598e-01 2.27419047240898714e-16
e1 2.50000000000000000e+00 2.49149178702697399e-02 1.58266054703464087e-17
e1s 2.50000000000000000e+00 3.03525836485984080e-01 1.92807525560931649e-16
e1 3.00000000000000000e+00 1.30483810941970368e-02 8.34310315123941897e-18
e1s 3.00000000000000000e+00 2.62083740255318498e-01 1.67575706398182751e-16
e1 3.50000000000000000e+00 6.97013985754839274e-03 4.47865783295840094e-18
e1s 3.50000000000000000e+00 2.30819331598010269e-01 1.48312778306754963e-16
e1 4.00000000000000000e+00 3.77935240984890583e-03 2.43777219356263934e-18
e1s 4.00000000000000000e+00 2.06345649901055805e-01 1.33097851970760122e-16
e1 4.50000000000000000e+00 2.07340075471461414e-03 5.88177551074217104e-18
e1s 4.50000000000000000e+00 1.86641587975746454e-01 5.29460558430671794e-16
e1 5.00000000000000000e+00 1.14829559127532571e-03 3.50163945580336279e-18
e1s 5.00000000000000000e+00 1.70422176284732219e-01 5.19689373674004379e-16
e1 5.50000000000000000e+00 6.40926049865762665e-04 2.09174973521669174e-18
e1s 5.50000000000000000e+00 1.56829433580127547e-01 5.11834284523343710e-16
e1 6.00000000000000000e+00 3.60082452162658619e-04 1.25274494933059842e-18
e1s 6.00000000000000000e+00 1.45267629233886864e-01 5.05393383462560973e-16
e1 6.50000000000000000e+00 2.03429866839398201e-04 7.51755709772613559e-19
e1s 6.50000000000000000e+00 1.35309673839554390e-01 5.00024020448579496e-16
e1 7.00000000000000000e+00 1.15481731610338203e-04 4.51823564007667390e-19
e1s 7.00000000000000000e+00 1.26641096076632764e-01 4.95484702050131221e-16
e1 7.50000000000000000e+00 6.58308932670802297e-05 2.71896601919235149e-19
e1s 7.50000000000000000e+00 1.19025047208411131e-01 4.91600588616452982e-16
e1 8.00000000000000000e+00 3.76656228439249064e-05 1.63786994055455123e-19
e1s 8.00000000000000000e+00 1.12279639253499319e-01 4.88242148103164951e-16
e1 8.50000000000000000e+00 2.16211210434833710e-05 9.88098266805087735e-20
e1s 8.50000000000000000e+00 1.06262811996847978e-01 4.85627457284722550e-16
e1 9.00000000000000000e+00 1.24473541780062723e-05 5.96442340604880970e-20
e1s 9.00000000000000000e+00 1.00861955580640927e-01 4.83302234388085404e-16
e1 9.50000000000000000e+00 7.18477469238483026e-06 3.60202872504345538e-20
e1s 9.50000000000000000e+00 9.59866272229292355e-02 4.81221197991757980e-16
e1 1.00000000000000000e+01 4.15696892968532464e-06 2.17623660308504362e-20
e1s 1.00000000000000000e+01 9.15633339397880913e-02 4.79348010992590695e-16
e1 1.05000000000000000e+01 2.41031295943770017e-06 1.31528726191432355e-20
e1s 1.05000000000000000e+01 8.75317267242311375e-02 4.77653180774521584e-16
e1 1.10000000000000000e+01 1.40030030424744183e-06 7.95188891209552216e-21
e1s 1.10000000000000000e+01 8.38417788603459530e-02 4.76112523626317554e-16
e1 1.15000000000000000e+01 8.14982877067190111e-07 4.80881645745718336e-21
e1s 1.15000000000000000e+01 8.04516630702555163e-02 4.74706024247119832e-16
e1 1.20000000000000000e+01 4.75108182467249308e-07 2.90877443668867415e-21
e1s 1.20000000000000000e+01 7.73261331389192286e-02 4.73416976728195807e-16
e1 1.25000000000000000e+01 2.77394454400523958e-07 1.75984238107592730e-21
e1s 1.25000000000000000e+01 7.44352751897750520e-02 4.72231329242349135e-16
e1 1.30000000000000000e+01 1.62186621880143277e-07 1.06492521879056557e-21
e1s 1.30000000000000000e+01 7.17535335244623984e-02 4.71137178280976058e-16
e1 1.35000000000000000e+01 9.49511771514453695e-08 6.44521282433751905e-22
e1s 1.35000000000000000e+01 6.92589429505732768e-02 4.70124374122412395e-16
e1 1.40000000000000000e+01 5.56563111114518164e-08 3.90140145190616073e-22
e1s 1.40000000000000000e+01 6.69325181834396210e-02 4.69184210030902832e-16
e1 1.45000000000000000e+01 3.26604269050367505e-08 2.36190637863793662e-22
e1s 1.45000000000000000e+01 6.47577639970532692e-02 4.68309175185284161e-16
e1 1.50000000000000000e+01 1.91862789214786695e-08 1.43007119065502452e-22
e1s 1.50000000000000000e+01 6.27202791074092381e-02 4.67492756612315064e-16
e1 1.55000000000000000e+01 1.12821586854385779e-08 8.65965473234597198e-23
e1s 1.55000000000000000e+01 6.08074334760914520e-02 4.66729279160620565e-16
e1 1.60000000000000000e+01 6.64048724944104267e-09 5.24429416210932715e-23
e1s 1.60000000000000000e+01 5.90081036085564337e-02 4.66013775265577088e-16
e1 1.65000000000000000e+01 3.91192079682705689e-09 3.17623909524433496e-23
e1s 1.65000000000000000e+01 5.73124540226014889e-02 4.65341878236979142e-16
e1 1.70000000000000000e+01 2.30643198982165473e-09 1.92386935716337387e-23
e1s 1.70000000000000000e+01 5.57117557434767263e-02 4.64709734263325656e-16
e1 1.75000000000000000e+01 1.36091721567682233e-09 1.16538968493272603e-23
e1s 1.75000000000000000e+01 5.41982346972791906e-02 4.64113929416050985e-16
e1 1.80000000000000000e+01 8.03609034482867693e-10 7.05987887059410243e-24
e1s 1.80000000000000000e+01 5.27649444026250664e-02 4.63551428756500656e-16
e1 1.85000000000000000e+01 4.74857183006909580e-10 4.27711955719341503e-24
e1s 1.85000000000000000e+01 5.14056585295220789e-02 4.63019525270245568e-16
e1 1.90000000000000000e+01 2.80782909706079540e-10 2.59138185877832308e-24
e1s 1.90000000000000000e+01 5.01147797954799162e-02 4.62515796829016250e-16
e1 1.95000000000000000e+01 1.66132010490935787e-10 1.57012910380376874e-24
e1s 1.95000000000000000e+01 4.88872623687500799e-02 4.62038069747270524e-16
e1 2.00000000000000000e+01 9.83552529064988154e-11 9.51396332944588357e-25
e1s 2.00000000000000000e+01 4.77185454959608429e-02 4.61584387785219166e-16
e1 2.05000000000000000e+01 5.82627448889628699e-11 5.76511726881717259e-25
e1s 2.05000000000000000e+01 4.66044965023812707e-02 4.61152985672849407e-16
e1 2.10000000000000000e+01 3.45320126714675594e-11 3.49360607670736338e-25
e1s 2.10000000000000000e+01 4.55413616545051678e-02 4.60742266404784326e-16
e1 2.15000000000000000e+01 2.04776268826203926e-11 2.11717873861956091e-25
e1s 2.15000000000000000e+01 4.45257236468003734e-02 4.60350781694646018e-16
e1 2.20000000000000000e+01 1.21493789562043715e-11 1.28309176493524031e-25
e1s 2.20000000000000000e+01 4.35544646926178808e-02 4.59977215088199915e-16
e1 2.25000000000000000e+01 7.21166995411832515e-12 7.77630744665646361e-26
e1s 2.25000000000000000e+01 4.26247343750585164e-02 4.59620367323153354e-16
e1 2.30000000000000000e+01 4.28268479566567217e-12 4.71306728892146223e-26
e1s 2.30000000000000000e+01 4.17339215560006208e-02 4.59279143594848412e-16
e1 2.35000000000000000e+01 2.54440727741037331e-12 2.85658699922796185e-26
e1s 2.35000000000000000e+01 4.08796297574088585e-02 4.58952542444848889e-16
e1 2.40000000000000000e+01 1.51230589399970585e-12 1.73142637112797365e-26
e1s 2.40000000000000000e+01 4.00596555238403179e-02 4.58639646036405811e-16
e1 2.45000000000000000e+01 8.99223966845361960e-13 1.04947617986409211e-26
e1s 2.45000000000000000e+01 3.92719693529335542e-02 4.58339611619182703e-16
e1 2.50000000000000000e+01 5.34889975534021666e-13 6.36139579712326132e-27
e1s 2.50000000000000000e+01 3.85146988449040287e-02 4.58051664017130109e-16
e1 2.55000000000000000e+01 3.18289959808289540e-13 3.85605186988489593e-27
e1s 2.55000000000000000e+01 3.77861137752788095e-02 4.57775088999375215e-16
e1 2.60000000000000000e+01 1.89468588567497853e-13 2.33745537402619653e-27
e1s 2.60000000000000000e+01 3.70846128393496968e-02 4.57509227415487610e-16
e1 2.65000000000000000e+01 1.12824013108624313e-13 1.41694580406542358e-27
e1s 2.65000000000000000e+01 3.64087118537550422e-02 4.57253469994339086e-16
e1 2.70000000000000000e+01 6.72063743526203904e-14 8.58958300855856667e-28
e1s 2.70000000000000000e+01 3.57570332315375258e-02 4.57007252720669054e-16
e1 2.75000000000000000e+01 4.00459719045792932e-14 5.20714138810803116e-28
e1s 2.75000000000000000e+01 3.51282965730292523e-02 4.56770052715931953e-16
e1 2.80000000000000000e+01 2.38694151193373298e-14 3.15670979822750570e-28
e1s 2.80000000000000000e+01 3.45213102368473607e-02 4.56541384560464716e-16
e1 2.85000000000000000e+01 1.42316303741992529e-14 1.91371617729878553e-28
e1s 2.85000000000000000e+01 3.39349637738388527e-02 4.56320797002835444e-16
e1 2.90000000000000000e+01 8.48775977835356341e-15 1.16018592044189964e-28
e1s 2.90000000000000000e+01 3.33682211225610759e-02 4.56107870009686836e-16
e1 2.95000000000000000e+01 5.06352403071439870e-15 7.03371040412073298e-29
e1s 2.95000000000000000e+01 3.28201144782886353e-02 4.55902212115704407e-16
e1 3.00000000000000000e+01 3.02155201068881243e-15 4.26430114592302460e-29
e1s 3.00000000000000000e+01 3.22897387589801271e-02 4.55703458038720368e-16
e1 2.17339999999999998e-02 3.27327823579134325e+00 2.38654994608688793e-15
e1s 2.17339999999999998e-02 3.34519839025133248e+00 2.43898699188160678e-15
e1 -2.17339999999999998e-02 3.22980909506194802e+00 2.36761459392745662e-15
e1s -2.17339999999999998e-02 3.16036975488108629e+00 2.31671202031830396e-15
e1 4.34679999999999997e-02 2.60151473804561650e+00 1.93560337587506005e-15
e1s 4.34679999999999997e-02 2.71709112019476562e+00 2.02159559886257258e-15
e1 -4.34679999999999997e-02 2.51456961182247429e+00 1.89786304836055996e-15
e1s -4.34679999999999997e-02 2.40760784810518036e+00 1.81713401306477478e-15
e1 6.52019999999999961e-02 2.21720385887962079e+00 1.67612598599038510e-15
e1s 6.52019999999999961e-02 2.36658710921904625e+00 1.78905432443019843e-15
e1 -6.52019999999999961e-02 2.08676905569400484e+00 1.61970808823010969e-15
e1s -6.52019999999999961e-02 1.95504842600200424e+00 1.51746918991179917e-15
e1 8.69359999999999994e-02 1.95044984728278381e+00 1.49494462290697625e-15
e1s 8.69359999999999994e-02 2.12760309140253678e+00 1.63072575570375065e-15
e1 -8.69359999999999994e-02 1.77650482508088992e+00 1.41997361598092528e-15
e1s -8.69359999999999994e-02 1.62858550957077197e+00 1.30174059890552178e-15
e1 1.08670000000000003e-01 1.74801142156787481e+00 1.35659361770692528e-15
e1s 1.08670000000000003e-01 1.94867335697458821e+00 1.51232297824239734e-15
e1 -1.08670000000000003e-01 1.53052878188812791e+00 1.26319104549526002e-15
e1s -1.08670000000000003e-01 1.37292470398039246e+00 1.13311570009666538e-15
e1 1.30403999999999992e-01 1.58617523590635678e+00 1.24550524018558354e-15
e1s 1.30403999999999992e-01 1.80711130508916162e+00 1.41898987522715194e-15
e1 -1.30403999999999992e-01 1.32512071611276894e+00 1.13356137118990849e-15
e1s -1.30403999999999992e-01 1.16311245387337503e+00 9.94973010405008214e-16
e1 1.52137999999999995e-01 1.45229330238478638e+00 1.15318805937957161e-15
e1s 1.52137999999999995e-01 1.69093544726442202e+00 1.34268096104621512e-15
e1 -1.52137999999999995e-01 1.14762576595373744e+00 1.02265661974934985e-15
e1s -1.52137999999999995e-01 9.85661053019602829e-01 8.78328833844120502e-16
e1 1.73871999999999999e-01 1.33881711060878583e+00 1.07454874012545976e-15
e1s 1.73871999999999999e-01 1.59306282900248175e+00 1.27860903650007764e-15
e1 -1.73871999999999999e-01 9.90488535465952724e-01 9.25445774675342768e-16
e1s -1.73871999999999999e-01 8.32410985305582551e-01 7.77748758880885132e-16
e1 1.95606000000000002e-01 1.24087876030522315e+00 1.00634338400916810e-15
e1s 1.95606000000000002e-01 1.50896774773814468e+00 1.22376154560496866e-15
e1 -1.95606000000000002e-01 8.48834225208725646e-01 8.38683486142799932e-16
e1s -1.95606000000000002e-01 6.98027086835013133e-01 6.89679766935573217e-16
e1 2.17340000000000005e-01 1.15515539590486060e+00 9.46357319048890471e-16
e1s 2.17340000000000005e-01 1.43558851028090029e+00 1.17610124028604461e-15
e1 -2.17340000000000005e-01 7.19333064870017136e-01 7.60153631705874901e-16
e1s -2.17340000000000005e-01 5.78815910956818613e-01 6.11662438848790548e-16
e1 2.39074000000000009e-01 1.07927776693371968e+00 8.93011121427734193e-16
e1s 2.39074000000000009e-01 1.37076103158124218e+00 1.13418888401596919e-15
e1 -2.39074000000000009e-01 5.99608871694168544e-01 6.88275337610931558e-16
e1s -2.39074000000000009e-01 4.72106012037134981e-01 5.41918140578722439e-16
e1 2.60807999999999984e-01 1.01149722711180035e+00 8.45138791994582028e-16
e1s 2.60807999999999984e-01 1.31290158244122379e+00 1.09697192206885735e-15
e1 -2.60807999999999984e-01 4.87906047611057048e-01 6.21881154877462833e-16
e1s -2.60807999999999984e-01 3.75896884313303814e-01 4.79115169152291220e-16
e1 2.82542000000000015e-01 9.50486483589442654e-01 8.01855028260462194e-16
e1s 2.82542000000000015e-01 1.26081793173895473e+00 1.06365867978247856e-15
e1 -2.82542000000000015e-01 3.82890326496311717e-01 5.60084330874104851e-16
e1s -2.82542000000000015e-01 2.88647607930153594e-01 4.22227962313193430e-16
e1 3.04275999999999991e-01 8.95214397897534209e-01 7.62471824751531602e-16
e1s 3.04275999999999991e-01 1.21359127700991731e+00 1.03363971542178639e-15
e1 -3.04275999999999991e-01 2.83523573138121598e-01 5.02195409250708549e-16
e1s -3.04275999999999991e-01 2.09143217840158296e-01 3.70448082015676071e-16
e1 3.26010000000000022e-01 8.44864085962453437e-01 7.26443916339098400e-16
e1s 3.26010000000000022e-01 1.17049939423645810e+00 1.00643663063630709e-15
e1 -3.26010000000000022e-01 1.88981881260853135e-01 4.47667672846748406e-16
e1s -3.26010000000000022e-01 1.36406738150486512e-01 3.23125617233938602e-16
e1 3.47743999999999998e-01 7.98777504458722198e-01 6.93331865020582788e-16
e1s 3.47743999999999998e-01 1.13096489810476264e+00 9.81667607936885242e-16
e1 -3.47743999999999998e-01 9.86001578777826737e-02 3.96060230049825568e-16
e1s -3.47743999999999998e-01 6.96392860475459896e-02 2.79729284882935351e-16
e1 3.69477999999999973e-01 7.56416866309187585e-01 6.62776357170375022e-16
e1s 3.69477999999999973e-01 1.09451939220278005e+00 9.59023533089719977e-16
e1 -3.69477999999999973e-01 1.18335367820810999e-02 3.47012311623078522e-16
e1s -3.69477999999999973e-01 8.17809796137256365e-03 2.39818469365233458e-16
e1 3.91212000000000004e-01 7.17337101812862699e-01 6.34479858662332244e-16
e1s 3.91212000000000004e-01 1.06077800626354946e+00 9.38251036765402491e-16
e1 -3.91212000000000004e-01 -7.17701623444954584e-02 3.63969634775852611e-16
e1s -3.91212000000000004e-01 -4.85336233866523192e-02 2.46129653345328586e-16
e1 4.12945999999999980e-01 6.81165775619510416e-01 6.08193236589357151e-16
e1s 4.12945999999999980e-01 1.02942091658859947e+00 9.19140188015738079e-16
e1 -4.12945999999999980e-01 -1.52590518986810114e-01 3.90975083608565466e-16
e1s -4.12945999999999980e-01 -1.00968843301027247e-01 2.58707436173617049e-16
e1 4.34680000000000011e-01 6.47588161219199820e-01 5.83705816583445723e-16
e1s 4.34680000000000011e-01 1.00017967778633365e+00 9.01515392828232150e-16
e1 -4.34680000000000011e-01 -2.30949439347902963e-01 4.17592137729035368e-16
e1s -4.34680000000000011e-01 -1.49533254957679551e-01 2.70379143485568622e-16
e1 4.56413999999999986e-01 6.16335960939730976e-01 5.60837868537047144e-16
e1s 4.56413999999999986e-01 9.72826941860749916e-01 8.85228549209947377e-16
e1 -4.56413999999999986e-01 -3.07122438404696385e-01 4.43884305610174582e-16
e1s -4.56413999999999986e-01 -1.94577879225107719e-01 2.81223564307363274e-16
e1 4.78148000000000017e-01 5.87178652587923788e-01 5.39434842025872396e-16
e1s 4.78148000000000017e-01 9.47168608346870888e-01 8.70153821777354946e-16
e1 -4.78148000000000017e-01 -3.81347295332552461e-01 4.69906755144946259e-16
e1s -4.78148000000000017e-01 -2.36408796774031038e-01 2.91309501704818135e-16
e1 4.99881999999999993e-01 5.59916761352170833e-01 5.19362884218388919e-16
e1s 4.99881999999999993e-01 9.23037749381982797e-01 8.56183598797382914e-16
e1 -4.99881999999999993e-01 -4.53830783681977823e-01 4.95707808721117557e-16
e1s -4.99881999999999993e-01 -2.75294767490568526e-01 3.00697464455755738e-16
e1 5.21615999999999969e-01 5.34376564806377297e-01 5.00505312427573574e-16
e1s 5.21615999999999969e-01 9.00289850853713713e-01 8.43225326021134837e-16
e1 -5.21615999999999969e-01 -5.24753968468063103e-01 5.21330120099068220e-16
e1s -5.21615999999999969e-01 -3.11473269161669009e-01 3.09441007742631104e-16
e1 5.43350000000000000e-01 5.10405879656925521e-01 4.82759807253143842e-16
e1s 5.43350000000000000e-01 8.78799043125979229e-01 8.31198999821295454e-16
e1 -5.43350000000000000e-01 -5.94276421531729215e-01 5.46811611110273023e-16
e1s -5.43350000000000000e-01 -3.45155336779070343e-01 3.17587807540830602e-16
e1 5.65084000000000031e-01 4.87870675441511858e-01 4.66036156589177627e-16
e1s 5.65084000000000031e-01 8.58455085359187797e-01 8.20035162439667122e-16
e1 -5.65084000000000031e-01 -6.62539609964647003e-01 5.72186224751855445e-16
e1s -5.65084000000000031e-01 -3.76529480147424767e-01 3.25180530360788191e-16
e1 5.86817999999999951e-01 4.66652327766416797e-01 4.50254425654602263e-16
e1s 5.86817999999999951e-01 8.39160930414620476e-01 8.09673284100154945e-16
e1 -5.86817999999999951e-01 -7.29669645011995383e-01 5.97484536291755561e-16
e1s -5.86817999999999951e-01 -4.05764884903667022e-01 3.32257543886397352e-16
e1 6.08551999999999982e-01 4.46645371422673798e-01 4.35343460014530284e-16
e1s 6.08551999999999982e-01 8.20830741837550448e-01 8.00060446388659212e-16
e1 -6.08551999999999982e-01 -7.95779531113318339e-01 6.22734253395569121e-16
e1s -6.08551999999999982e-01 -4.33014050435031383e-01 3.38853502590345266e-16
e1 6.30286000000000013e-01 4.27755648056356130e-01 4.21239651431956616e-16
e1s 6.30286000000000013e-01 8.03388266321016009e-01 7.91150262555978161e-16
e1 -6.30286000000000013e-01 -8.60971020406994580e-01 6.47960628662267295e-16
e1s -6.30286000000000013e-01 -4.58414980938715466e-01 3.44999834137086567e-16
e1 6.52020000000000044e-01 4.09898768082448905e-01 4.07885913052174879e-16
e1s 6.52020000000000044e-01 7.86765488231969901e-01 7.82901985840776629e-16
e1 -6.52020000000000044e-01 -9.25336153009596707e-01 6.73186802401740258e-16
e1s -6.52020000000000044e-01 -4.82093018636520487e-01 3.50725146337988133e-16
e1 6.73753999999999964e-01 3.92998824978773753e-01 3.95230822710438423e-16
e1s 6.73753999999999964e-01 7.70901509827384368e-01 7.75279768264580842e-16
e1 -6.73753999999999964e-01 -9.88958544934418482e-01 6.98434089391053856e-16
e1s -6.73753999999999964e-01 -5.04162388005921280e-01 3.56055569948572008e-16
e1 6.95487999999999995e-01 3.76987313854378892e-01 3.83227902318028673e-16
e1s 6.95487999999999995e-01 7.55741613465070516e-01 7.68252040795556202e-16
e1 -6.95487999999999995e-01 -1.05191447175551289e+00 7.23722220291438990e-16
e1s -6.95487999999999995e-01 -5.24727504806094980e-01 3.61015049248716189e-16
e1 7.17222000000000026e-01 3.61802216555427547e-01 3.71835008188782219e-16
e1s 7.17222000000000026e-01 7.41236471641286920e-01 7.61790992124388335e-16
e1 -7.17222000000000026e-01 -1.11427378575496827e+00 7.49069546105742036e-16
e1s -7.17222000000000026e-01 -5.43884092269617092e-01 3.65625589813638013e-16
e1 7.38955999999999946e-01 3.47387223462244765e-01 3.61013812424343237e-16
e1s 7.38955999999999946e-01 7.27341477917356927e-01 7.55872128111929270e-16
e1 -7.38955999999999946e-01 -1.17610069640053472e+00 7.74493212304003369e-16
e1s -7.38955999999999946e-01 -5.61720138117871137e-01 3.69907470948897109e-16
e1 7.60689999999999977e-01 3.33691068190795359e-01 3.50729359512921875e-16
e1s 7.60689999999999977e-01 7.14016177334456437e-01 7.50473897656714746e-16
e1 -7.60689999999999977e-01 -1.23745443794110654e+00 8.00009307899332911e-16
e1s -7.60689999999999977e-01 -5.78316719343161756e-01 3.73879428771626945e-16
e1 7.82424000000000008e-01 3.20666956105002454e-01 3.40949685422599104e-16
e1s 7.82424000000000008e-01 7.01223779192193808e-01 7.45577373579262947e-16
e1 -7.82424000000000008e-01 -1.29838984321443229e+00 8.25632993714169169e-16
e1s -7.82424000000000008e-01 -5.93748716480860472e-01 3.77558814761213068e-16
e1 8.04158000000000039e-01 3.08272071210167975e-01 3.31645488910832664e-16
e1s 8.04158000000000039e-01 6.88930738395935993e-01 7.41165979337945828e-16
e1 -8.04158000000000039e-01 -1.35895783909759160e+00 8.51378613263484428e-16
e1s -8.04158000000000039e-01 -6.08085435005145336e-01 3.80961733694539346e-16
e1 8.25891999999999959e-01 2.96467148879516640e-01 3.22789846691462382e-16
e1s 8.25891999999999959e-01 6.77106394189289973e-01 7.37225254130916099e-16
e1 -8.25891999999999959e-01 -1.41920587614901561e+00 8.77259789041619413e-16
e1s -8.25891999999999959e-01 -6.21391148253330416e-01 3.84103164164047542e-16
e1 8.47625999999999991e-01 2.85216104148495908e-01 3.14357965621034116e-16
e1s 8.47625999999999991e-01 6.65722657150979336e-01 7.33742650312807294e-16
e1 -8.47625999999999991e-01 -1.47917830270823702e+00 9.03289506492605515e-16
e1s -8.47625999999999991e-01 -6.33725573717026869e-01 3.86997064306930931e-16
e1 8.69360000000000022e-01 2.74485707131528645e-01 3.06326966278672721e-16
e1s 8.69360000000000022e-01 6.54753736975690726e-01 7.30707358147717397e-16
e1 -8.69360000000000022e-01 -1.53891669189948277e+00 9.29480187539692557e-16
e1s -8.69360000000000022e-01 -6.45144292484160831e-01 3.89656464917665109e-16
e1 1.07299999999999997e+02 2.32065192154588262e-49 1.12411443191380924e-62
e1s 1.07299999999999997e+02 9.23438363505631708e-03 4.47309819177045018e-16
e1 -8.30999999999999943e+01 -1.49828481026003200e+34 5.58709894282264838e+20
e1s -8.30999999999999943e+01 -1.21821216061787727e-02 4.54270898838024472e-16
e1 1.14599999999999994e+02 1.46867768497013321e-52 7.59033367079925580e-66
e1s 1.14599999999999994e+02 8.65115558121409313e-03 4.47103936904628520e-16
e1 -8.62000000000000028e+01 -3.20483778443928135e+35 1.23919866982164815e+22
e1s -8.62000000000000028e+01 -1.17387461784424548e-02 4.53896253979822717e-16
e1 1.21900000000000006e+02 9.33209333167490041e-56 5.12548725405630705e-69
e1s 1.21900000000000006e+02 8.13722674034911102e-03 4.46922790618297506e-16
e1 -8.92999999999999972e+01 -6.86425734941159854e+36 2.74865788260834485e+23
e1s -8.92999999999999972e+01 -1.13265154941082392e-02 4.53548206464532470e-16
e1 1.29199999999999989e+02 5.95068815508412180e-59 3.46122104312028335e-72
e1s 1.29199999999999989e+02 7.68093789555174006e-03 4.46762175770709402e-16
e1 -9.24000000000000057e+01 -1.47203152963558416e+38 6.09709619390475902e+24
e1s -9.24000000000000057e+01 -1.09422588555585822e-02 4.53224020530749524e-16
e1 1.36500000000000000e+02 3.80647663934047296e-62 2.33743859302935026e-75
e1s 1.36500000000000000e+02 7.27310652753689318e-03 4.46618789485701116e-16
e1 -9.55000000000000000e+01 -3.16039177754141242e+39 1.35252651945316075e+26
e1s -9.55000000000000000e+01 -1.05832218832483307e-02 4.52921323238154238e-16
e1 1.43800000000000011e+02 2.44177349747911774e-65 1.57857507038600517e-78
e1s 1.43800000000000011e+02 6.90640231324138407e-03 4.46490001181296115e-16
e1 -9.85999999999999943e+01 -6.79254722796790286e+40 3.00045398768290282e+27
e1s -9.85999999999999943e+01 -1.02470003502289856e-02 4.52638046240433732e-16
e1 1.51099999999999994e+02 1.57033786521962565e-68 1.06611087363401962e-81
e1s 1.51099999999999994e+02 6.57490252179689875e-03 4.46373689816812712e-16
e1 -1.01700000000000003e+02 -1.46137964908776573e+42 6.65648394529855100e+28
e1s -1.01700000000000003e+02 -9.93148624817487453e-03 4.52372378424705375e-16
e1 1.58400000000000006e+02 1.01223799111497274e-71 7.20028912796296107e-85
e1s 1.58400000000000006e+02 6.27376961629775264e-03 4.46268126232007753e-16
e1 -1.04799999999999997e+02 -3.14706322356278812e+43 1.47678761661018553e+30
e1s -1.04799999999999997e+02 -9.63482352547227229e-03 4.52122727122519250e-16
e1 1.65699999999999989e+02 6.53859133032728342e-75 4.86302554057417666e-88
e1s 1.65699999999999989e+02 5.99901358841116450e-03 4.46171886647559929e-16
e1 -1.07900000000000006e+02 -6.78321584589143186e+44 3.27646176591967120e+31
e1s -1.07900000000000006e+02 -9.35537153230198495e-03 4.51887686135284888e-16
e1 1.73000000000000000e+02 4.23174574313994958e-78 3.28451364811129136e-91
e1s 1.73000000000000000e+02 5.74731413428222673e-03 4.46083788106468327e-16
e1 -1.11000000000000000e+02 -1.46329327679646833e+46 7.26950600420862032e+32
e1s -1.11000000000000000e+02 -9.09167465109836023e-03 4.51666009216986753e-16
e1 1.80300000000000011e+02 2.74359611321950401e-81 2.21841369002181148e-94
e1s 1.80300000000000011e+02 5.51588580069663822e-03 4.46002839627267986e-16
e1 -1.14099999999999994e+02 -3.15916533802791523e+47 1.61293319527446034e+34
e1s -1.14099999999999994e+02 -8.84243692471593963e-03 4.51456587957439994e-16
e1 1.87599999999999994e+02 1.78166311673536085e-84 1.49837368475962770e-97
e1s 1.87599999999999994e+02 5.30237445607449533e-03 4.45928204782148427e-16
e1 -1.17200000000000003e+02 -6.82558516585089697e+48 3.57880973689177742e+35
e1s -1.17200000000000003e+02 -8.60650074832484784e-03 4.51258433236933886e-16
e1 1.94899999999999977e+02 1.15872998234840300e-87 1.01205282831123489e-100
e1s 1.94899999999999977e+02 5.10477691341612409e-03 4.45859172699589069e-16
e1 -1.20300000000000011e+02 -1.47576353198715054e+50 7.94091873860056907e+36
e1s -1.20300000000000011e+02 -8.38282888536340427e-03 4.51070659597000970e-16
e1 2.02199999999999989e+02 7.54644606104720658e-91 6.83582733142925771e-104
e1s 2.02199999999999989e+02 4.92137788179143609e-03 4.45795135359026626e-16
e1 -1.23400000000000006e+02 -3.19291331587115169e+51 1.76202494062123794e+38
e1s -1.23400000000000006e+02 -8.17048921785568094e-03 4.50892472005951171e-16
e1 2.09500000000000000e+02 4.92111655222398326e-94 4.61724939838459961e-107
e1s 2.09500000000000000e+02 4.75070003894494108e-03 4.45735569640413070e-16
e1 -1.26500000000000000e+02 -6.91251781655772246e+52 3.90986560963999917e+39
e1s -1.26500000000000000e+02 -7.96864175801227995e-03 4.50723154601698784e-16
e1 2.16800000000000011e+02 3.21297628997195293e-97 3.11874230376871336e-110
e1s 2.16800000000000011e+02 4.59146414598813214e-03 4.45680023006191406e-16
e1 -1.29599999999999994e+02 -1.49744392743233956e+54 8.67599862377077070e+40
e1s -1.29599999999999994e+02 -7.77652753932525382e-03 4.50562061075571901e-16
e1 2.24099999999999994e+02 2.10009821970245966e-100 2.10658591350178343e-113
e1s 2.24099999999999994e+02 4.44255692413148776e-03 4.45628101986159822e-16
e1 -1.32699999999999989e+02 -3.24576748518373454e+55 1.92523801721531543e+42
e1s -1.32699999999999989e+02 -7.59345907730658420e-03 4.50408606424616048e-16
e1 2.31400000000000006e+02 1.37413289736477138e-103 1.42292514233968220e-116
e1s 2.31400000000000006e+02 4.30300498646848332e-03 4.45579462845338093e-16
e1 -1.35800000000000011e+02 -7.03922775117521834e+56 4.27224538378750526e+43
e1s -1.35800000000000011e+02 -7.41881214705917506e-03 4.50262259850431313e-16
e1 2.38699999999999989e+02 9.00008544177031360e-107 9.61142608715271233e-120
e1s 2.38699999999999989e+02 4.17195353378230042e-03 4.45533803966829927e-16
e1 -1.38900000000000006e+02 -1.52743398700199467e+58 9.48056665405516939e+44
e1s -1.38900000000000006e+02 -7.25201867036061494e-03 4.50122538622787543e-16
e1 2.46000000000000000e+02 5.90021123763380249e-110 6.49226516619037733e-123
e1s 2.46000000000000000e+02 4.04864882864250028e-03 4.45490859592924906e-16
e1 -1.42000000000000000e+02 -3.31603787138558641e+59 2.10386723685888769e+46
e1s -1.42000000000000000e+02 -7.09256054142454618e-03 4.49989002758471285e-16
