CASE roots_bisection
IT 0 1.25000000000000000e+00 0.00000000000000000e+00 2.50000000000000000e+00
IT 1 1.87500000000000000e+00 1.25000000000000000e+00 2.50000000000000000e+00
IT 2 2.18750000000000000e+00 1.87500000000000000e+00 2.50000000000000000e+00
IT 3 2.34375000000000000e+00 2.18750000000000000e+00 2.50000000000000000e+00
IT 4 2.26562500000000000e+00 2.18750000000000000e+00 2.34375000000000000e+00
IT 5 2.22656250000000000e+00 2.18750000000000000e+00 2.26562500000000000e+00
IT 6 2.24609375000000000e+00 2.22656250000000000e+00 2.26562500000000000e+00
IT 7 2.23632812500000000e+00 2.22656250000000000e+00 2.24609375000000000e+00
IT 8 2.23144531250000000e+00 2.22656250000000000e+00 2.23632812500000000e+00
IT 9 2.23388671875000000e+00 2.23144531250000000e+00 2.23632812500000000e+00
IT 10 2.23510742187500000e+00 2.23388671875000000e+00 2.23632812500000000e+00
IT 11 2.23571777343750000e+00 2.23510742187500000e+00 2.23632812500000000e+00
IT 12 2.23602294921875000e+00 2.23571777343750000e+00 2.23632812500000000e+00
IT 13 2.23617553710937500e+00 2.23602294921875000e+00 2.23632812500000000e+00
IT 14 2.23609924316406250e+00 2.23602294921875000e+00 2.23617553710937500e+00
IT 15 2.23606109619140625e+00 2.23602294921875000e+00 2.23609924316406250e+00
IT 16 2.23608016967773438e+00 2.23606109619140625e+00 2.23609924316406250e+00
IT 17 2.23607063293457031e+00 2.23606109619140625e+00 2.23608016967773438e+00
IT 18 2.23606586456298828e+00 2.23606109619140625e+00 2.23607063293457031e+00
IT 19 2.23606824874877930e+00 2.23606586456298828e+00 2.23607063293457031e+00
IT 20 2.23606705665588379e+00 2.23606586456298828e+00 2.23606824874877930e+00
IT 21 2.23606765270233154e+00 2.23606705665588379e+00 2.23606824874877930e+00
IT 22 2.23606795072555542e+00 2.23606765270233154e+00 2.23606824874877930e+00
IT 23 2.23606809973716736e+00 2.23606795072555542e+00 2.23606824874877930e+00
IT 24 2.23606802523136139e+00 2.23606795072555542e+00 2.23606809973716736e+00
IT 25 2.23606798797845840e+00 2.23606795072555542e+00 2.23606802523136139e+00
IT 26 2.23606796935200691e+00 2.23606795072555542e+00 2.23606798797845840e+00
IT 27 2.23606797866523266e+00 2.23606796935200691e+00 2.23606798797845840e+00
IT 28 2.23606797400861979e+00 2.23606796935200691e+00 2.23606797866523266e+00
IT 29 2.23606797633692622e+00 2.23606797400861979e+00 2.23606797866523266e+00
END roots_bisection
CASE roots_falsepos
IT 0 1.00000000000000000e+00 1.00000000000000000e+00 2.50000000000000000e+00
IT 1 2.14285714285714279e+00 2.14285714285714279e+00 2.50000000000000000e+00
IT 2 2.23076923076923084e+00 2.23076923076923084e+00 2.32142857142857117e+00
IT 3 2.23596861798430924e+00 2.23596861798430924e+00 2.27609890109890101e+00
IT 4 2.23606709598523867e+00 2.23606709598523867e+00 2.25603375954160512e+00
IT 5 2.23606797358177278e+00 2.23606797358177278e+00 2.24605042776342190e+00
IT 6 2.23606797749106345e+00 2.23606797749106345e+00 2.24105920067259756e+00
IT 7 2.23606797749978004e+00 2.23606797749978004e+00 2.23856358908183051e+00
IT 8 2.23606797749978981e+00 2.23606797749978004e+00 2.23606797749978981e+00
IT 9 2.23606797749978981e+00 2.23606797749978492e+00 2.23606797749978981e+00
IT 10 2.23606797749978981e+00 2.23606797749978714e+00 2.23606797749978981e+00
IT 11 2.23606797749978981e+00 2.23606797749978847e+00 2.23606797749978981e+00
IT 12 2.23606797749978981e+00 2.23606797749978892e+00 2.23606797749978981e+00
IT 13 2.23606797749978981e+00 2.23606797749978936e+00 2.23606797749978981e+00
IT 14 2.23606797749978981e+00 2.23606797749978936e+00 2.23606797749978981e+00
IT 15 2.23606797749978981e+00 2.23606797749978936e+00 2.23606797749978981e+00
IT 16 2.23606797749978981e+00 2.23606797749978936e+00 2.23606797749978981e+00
IT 17 2.23606797749978981e+00 2.23606797749978936e+00 2.23606797749978981e+00
IT 18 2.23606797749978981e+00 2.23606797749978936e+00 2.23606797749978981e+00
IT 19 2.23606797749978981e+00 2.23606797749978936e+00 2.23606797749978981e+00
IT 20 2.23606797749978981e+00 2.23606797749978936e+00 2.23606797749978981e+00
IT 21 2.23606797749978981e+00 2.23606797749978936e+00 2.23606797749978981e+00
IT 22 2.23606797749978981e+00 2.23606797749978936e+00 2.23606797749978981e+00
IT 23 2.23606797749978981e+00 2.23606797749978936e+00 2.23606797749978981e+00
IT 24 2.23606797749978981e+00 2.23606797749978936e+00 2.23606797749978981e+00
IT 25 2.23606797749978981e+00 2.23606797749978936e+00 2.23606797749978981e+00
IT 26 2.23606797749978981e+00 2.23606797749978936e+00 2.23606797749978981e+00
IT 27 2.23606797749978981e+00 2.23606797749978936e+00 2.23606797749978981e+00
IT 28 2.23606797749978981e+00 2.23606797749978936e+00 2.23606797749978981e+00
IT 29 2.23606797749978981e+00 2.23606797749978936e+00 2.23606797749978981e+00
END roots_falsepos
CASE roots_brent
IT 0 1.00000000000000000e+00 1.00000000000000000e+00 5.00000000000000000e+00
IT 1 3.00000000000000000e+00 1.00000000000000000e+00 3.00000000000000000e+00
IT 2 2.00000000000000000e+00 2.00000000000000000e+00 3.00000000000000000e+00
IT 3 2.20000000000000018e+00 2.20000000000000018e+00 3.00000000000000000e+00
IT 4 2.23663003663003668e+00 2.20000000000000018e+00 2.23663003663003668e+00
IT 5 2.23606340819022442e+00 2.23606340819022442e+00 2.23663003663003668e+00
IT 6 2.23606797692558912e+00 2.23606797692558912e+00 2.23663003663003668e+00
IT 7 2.23606797749978981e+00 2.23606797692558912e+00 2.23606797749978981e+00
IT 8 2.23606797749978936e+00 2.23606797749978936e+00 2.23606797749978981e+00
IT 9 2.23606797749978981e+00 2.23606797749978936e+00 2.23606797749978981e+00
IT 10 2.23606797749978981e+00 2.23606797749978936e+00 2.23606797749978981e+00
IT 11 2.23606797749978981e+00 2.23606797749978936e+00 2.23606797749978981e+00
IT 12 2.23606797749978981e+00 2.23606797749978936e+00 2.23606797749978981e+00
IT 13 2.23606797749978981e+00 2.23606797749978936e+00 2.23606797749978981e+00
IT 14 2.23606797749978981e+00 2.23606797749978936e+00 2.23606797749978981e+00
IT 15 2.23606797749978981e+00 2.23606797749978936e+00 2.23606797749978981e+00
IT 16 2.23606797749978981e+00 2.23606797749978936e+00 2.23606797749978981e+00
IT 17 2.23606797749978981e+00 2.23606797749978936e+00 2.23606797749978981e+00
IT 18 2.23606797749978981e+00 2.23606797749978936e+00 2.23606797749978981e+00
IT 19 2.23606797749978981e+00 2.23606797749978936e+00 2.23606797749978981e+00
IT 20 2.23606797749978981e+00 2.23606797749978936e+00 2.23606797749978981e+00
IT 21 2.23606797749978981e+00 2.23606797749978936e+00 2.23606797749978981e+00
IT 22 2.23606797749978981e+00 2.23606797749978936e+00 2.23606797749978981e+00
IT 23 2.23606797749978981e+00 2.23606797749978936e+00 2.23606797749978981e+00
IT 24 2.23606797749978981e+00 2.23606797749978936e+00 2.23606797749978981e+00
IT 25 2.23606797749978981e+00 2.23606797749978936e+00 2.23606797749978981e+00
IT 26 2.23606797749978981e+00 2.23606797749978936e+00 2.23606797749978981e+00
IT 27 2.23606797749978981e+00 2.23606797749978936e+00 2.23606797749978981e+00
IT 28 2.23606797749978981e+00 2.23606797749978936e+00 2.23606797749978981e+00
IT 29 2.23606797749978981e+00 2.23606797749978936e+00 2.23606797749978981e+00
END roots_brent
CASE roots_newton
IT 0 3.00000000000000000e+00
IT 1 2.33333333333333348e+00
IT 2 2.23809523809523814e+00
IT 3 2.23606889564336342e+00
IT 4 2.23606797749997810e+00
IT 5 2.23606797749978981e+00
IT 6 2.23606797749978981e+00
IT 7 2.23606797749978981e+00
IT 8 2.23606797749978981e+00
IT 9 2.23606797749978981e+00
IT 10 2.23606797749978981e+00
IT 11 2.23606797749978981e+00
END roots_newton
CASE roots_secant
IT 0 3.00000000000000000e+00
IT 1 2.50000000000000000e+00
IT 2 2.27272727272727293e+00
IT 3 2.23809523809523814e+00
IT 4 2.23608445297504810e+00
IT 5 2.23606798496486370e+00
IT 6 2.23606797749981734e+00
IT 7 2.23606797749978981e+00
IT 8 2.23606797749978981e+00
IT 9 2.23606797749978981e+00
IT 10 2.23606797749978981e+00
IT 11 2.23606797749978981e+00
END roots_secant
CASE roots_steffenson
IT 0 3.00000000000000000e+00
IT 1 2.33333333333333348e+00
IT 2 2.22222222222222232e+00
IT 3 2.23602484472049667e+00
IT 4 2.23606797708377547e+00
IT 5 2.23606797749978981e+00
IT 6 2.23606797749978981e+00
IT 7 2.23606797749978981e+00
IT 8 2.23606797749978981e+00
IT 9 2.23606797749978981e+00
IT 10 2.23606797749978981e+00
IT 11 2.23606797749978981e+00
END roots_steffenson
CASE min_goldensection
IT 0 3.00000000000000000e+00 1.85410199999999992e+00 6.00000000000000000e+00
IT 1 3.00000000000000000e+00 1.85410199999999992e+00 4.14589799999999986e+00
IT 2 3.00000000000000000e+00 2.56230592453200012e+00 4.14589799999999986e+00
IT 3 3.00000000000000000e+00 2.56230592453200012e+00 3.43769407546799988e+00
IT 4 3.00000000000000000e+00 2.83281574476978992e+00 3.43769407546799988e+00
IT 5 3.16718425523021008e+00 2.83281574476978992e+00 3.43769407546799988e+00
IT 6 3.16718425523021008e+00 3.03946685276368544e+00 3.43769407546799988e+00
IT 7 3.16718425523021008e+00 3.03946685276368544e+00 3.27050980922715784e+00
IT 8 3.11840054987968163e+00 3.03946685276368544e+00 3.27050980922715784e+00
IT 9 3.11840054987968163e+00 3.03946685276368544e+00 3.17650111523559975e+00
IT 10 3.11840054987968163e+00 3.08825056132707321e+00 3.17650111523559975e+00
IT 11 3.14059299042642026e+00 3.08825056132707321e+00 3.17650111523559975e+00
IT 12 3.14059299042642026e+00 3.12059996215305890e+00 3.17650111523559975e+00
IT 13 3.14059299042642026e+00 3.12059996215305890e+00 3.15430867322728314e+00
IT 14 3.14059299042642026e+00 3.13295633338895740e+00 3.15430867322728314e+00
IT 15 3.14059299042642026e+00 3.13295633338895740e+00 3.14583191492313485e+00
IT 16 3.14059299042642026e+00 3.13767604708444869e+00 3.14583191492313485e+00
IT 17 3.14059299042642026e+00 3.13767604708444869e+00 3.14259408146073227e+00
IT 18 3.14059299042642026e+00 3.13947881724586075e+00 3.14259408146073227e+00
IT 19 3.14135733916443227e+00 3.13947881724586075e+00 3.14259408146073227e+00
IT 20 3.14135733916443227e+00 3.14063980766128337e+00 3.14259408146073227e+00
IT 21 3.14135733916443227e+00 3.14063980766128337e+00 3.14182973267238097e+00
IT 22 3.14135733916443227e+00 3.14108326652630065e+00 3.14182973267238097e+00
IT 23 3.14153777742308948e+00 3.14108326652630065e+00 3.14182973267238097e+00
IT 24 3.14153777742308948e+00 3.14136416971388677e+00 3.14182973267238097e+00
END min_goldensection
CASE min_brent
IT 0 3.00000000000000000e+00 1.85410199999999992e+00 6.00000000000000000e+00
IT 1 3.00000000000000000e+00 1.85410199999999992e+00 3.30676309863779760e+00
IT 2 3.14090194731818428e+00 3.00000000000000000e+00 3.30676309863779760e+00
IT 3 3.14161565419305333e+00 3.14090194731818428e+00 3.30676309863779760e+00
IT 4 3.14159321455647067e+00 3.14090194731818428e+00 3.14161565419305333e+00
IT 5 3.14159265358920026e+00 3.14090194731818428e+00 3.14159321455647067e+00
IT 6 3.14159265358920026e+00 3.14090194731818428e+00 3.14159270040257876e+00
IT 7 3.14159265358920026e+00 3.14132882727768559e+00 3.14159270040257876e+00
IT 8 3.14159265358920026e+00 3.14159260677582175e+00 3.14159270040257876e+00
IT 9 3.14159265358920026e+00 3.14159260677582175e+00 3.14159270040257876e+00
IT 10 3.14159265358920026e+00 3.14159260677582175e+00 3.14159270040257876e+00
IT 11 3.14159265358920026e+00 3.14159260677582175e+00 3.14159270040257876e+00
IT 12 3.14159265358920026e+00 3.14159260677582175e+00 3.14159270040257876e+00
IT 13 3.14159265358920026e+00 3.14159260677582175e+00 3.14159270040257876e+00
IT 14 3.14159265358920026e+00 3.14159260677582175e+00 3.14159270040257876e+00
IT 15 3.14159265358920026e+00 3.14159260677582175e+00 3.14159270040257876e+00
IT 16 3.14159265358920026e+00 3.14159260677582175e+00 3.14159270040257876e+00
IT 17 3.14159265358920026e+00 3.14159260677582175e+00 3.14159270040257876e+00
IT 18 3.14159265358920026e+00 3.14159260677582175e+00 3.14159270040257876e+00
IT 19 3.14159265358920026e+00 3.14159260677582175e+00 3.14159270040257876e+00
IT 20 3.14159265358920026e+00 3.14159260677582175e+00 3.14159270040257876e+00
IT 21 3.14159265358920026e+00 3.14159260677582175e+00 3.14159270040257876e+00
IT 22 3.14159265358920026e+00 3.14159260677582175e+00 3.14159270040257876e+00
IT 23 3.14159265358920026e+00 3.14159260677582175e+00 3.14159270040257876e+00
IT 24 3.14159265358920026e+00 3.14159260677582175e+00 3.14159270040257876e+00
END min_brent
CASE deriv_exp
C 0 -1.00000000000000000e+00 3.67879441171912847e-01 5.19182075281360793e-11
F 0 -1.00000000000000000e+00 3.67879438135243098e-01 1.25597695678244284e-07
B 0 -1.00000000000000000e+00 3.67879449936816261e-01 1.31270365746068616e-07
C 1 -7.50000000000000000e-01 4.72366552739662826e-01 6.53228312091572962e-11
F 1 -7.50000000000000000e-01 4.72366548980650558e-01 1.61001115825495964e-07
B 1 -7.50000000000000000e-01 4.72366558206611054e-01 1.62339835831222436e-07
C 2 -5.00000000000000000e-01 6.06530659705600050e-01 8.54804340791459628e-11
F 2 -5.00000000000000000e-01 6.06530666396728924e-01 1.94323556040845243e-07
B 2 -5.00000000000000000e-01 6.06530661015015626e-01 2.03012407861147387e-07
C 3 -2.50000000000000000e-01 7.78800783071883940e-01 9.93578643735525815e-11
F 3 -2.50000000000000000e-01 7.78800777926693777e-01 2.64374741829540258e-07
B 3 -2.50000000000000000e-01 7.78800777541396760e-01 2.53015981917312228e-07
C 4 0.00000000000000000e+00 9.99999999997125855e-01 1.30573529867702054e-10
F 4 0.00000000000000000e+00 9.99999991901952989e-01 3.39888890403749959e-07
B 4 0.00000000000000000e+00 9.99999991234292285e-01 3.23171089938120840e-07
C 5 2.50000000000000000e-01 1.28402541668939851e+00 1.65951825998754150e-10
F 5 2.50000000000000000e-01 1.28402539797186699e+00 4.47217224253386246e-07
B 5 2.50000000000000000e-01 1.28402542623785010e+00 4.35194073496979032e-07
C 6 5.00000000000000000e-01 1.64872127068994678e+00 2.36848495646984724e-10
F 6 5.00000000000000000e-01 1.64872130705105047e+00 5.10484295511143003e-07
B 6 5.00000000000000000e-01 1.64872129550060942e+00 5.73290516255716692e-07
C 7 7.50000000000000000e-01 2.11700001663566040e+00 2.64006016862020144e-10
F 7 7.50000000000000000e-01 2.11699996621695830e+00 7.57943914880228837e-07
B 7 7.50000000000000000e-01 2.11700000372799391e+00 6.88538637844355611e-07
C 8 1.00000000000000000e+00 2.71828182844148802e+00 4.12365991316786819e-10
F 8 1.00000000000000000e+00 2.71828178252983976e+00 9.54032074334057704e-07
B 8 1.00000000000000000e+00 2.71828182938273777e+00 9.08696964008062777e-07
C 9 1.25000000000000000e+00 3.49034295749860801e+00 4.54797527177082667e-10
F 9 1.25000000000000000e+00 3.49034294706345749e+00 1.16791030667925645e-06
B 9 1.25000000000000000e+00 3.49034290565638727e+00 1.11195020994288851e-06
C 10 1.50000000000000000e+00 4.48168907035063047e+00 6.09529385771143380e-10
F 10 1.50000000000000000e+00 4.48168918322785714e+00 1.37578322274208698e-06
B 10 1.50000000000000000e+00 4.48168899754904348e+00 1.42376907591472907e-06
C 11 1.75000000000000000e+00 5.75460267587416485e+00 9.83736308117353324e-10
F 11 1.75000000000000000e+00 5.75460256722160235e+00 2.03011603330948115e-06
B 11 1.75000000000000000e+00 5.75460267680890603e+00 1.91835600422740780e-06
C 12 2.00000000000000000e+00 7.38905609884263637e+00 1.19275091471675566e-09
F 12 2.00000000000000000e+00 7.38905574476116911e+00 2.84554540608002500e-06
B 12 2.00000000000000000e+00 7.38905598028705146e+00 2.34019234110845718e-06
END deriv_exp
CASE interp_linear
P 0 -1.00000000000000000e+00 3.84615384615384637e-02 1.11714012128949880e-01
P 1 -9.66666666666666674e-01 4.21853388658367939e-02 1.11714012128949880e-01
P 2 -9.33333333333333348e-01 4.59091392701351242e-02 1.11714012128949880e-01
P 3 -9.00000000000000022e-01 4.96329396744334475e-02 1.11714012128949880e-01
P 4 -8.66666666666666696e-01 5.33567400787317778e-02 1.11714012128949880e-01
P 5 -8.33333333333333370e-01 5.70805404830301011e-02 1.11714012128949880e-01
P 6 -8.00000000000000044e-01 6.08043408873284313e-02 1.11714012128949880e-01
P 7 -7.66666666666666607e-01 6.45281412916267755e-02 1.11714012128949880e-01
P 8 -7.33333333333333393e-01 7.11594410263747673e-02 2.86163971955930740e-01
P 9 -6.99999999999999956e-01 8.06982400915724762e-02 2.86163971955930740e-01
P 10 -6.66666666666666741e-01 9.02370391567701435e-02 2.86163971955930740e-01
P 11 -6.33333333333333304e-01 9.97758382219678663e-02 2.86163971955930740e-01
P 12 -5.99999999999999978e-01 1.09314637287165561e-01 2.86163971955930740e-01
P 13 -5.66666666666666652e-01 1.18853436352363243e-01 2.86163971955930740e-01
P 14 -5.33333333333333326e-01 1.28392235417560924e-01 2.86163971955930740e-01
P 15 -5.00000000000000000e-01 1.37931034482758619e-01 1.00925147182506314e+00
P 16 -4.66666666666666674e-01 1.71572750210260722e-01 1.00925147182506314e+00
P 17 -4.33333333333333348e-01 2.05214465937762824e-01 1.00925147182506314e+00
P 18 -4.00000000000000022e-01 2.38856181665264899e-01 1.00925147182506314e+00
P 19 -3.66666666666666696e-01 2.72497897392766975e-01 1.00925147182506314e+00
P 20 -3.33333333333333370e-01 3.06139613120269105e-01 1.00925147182506314e+00
P 21 -3.00000000000000044e-01 3.39781328847771236e-01 1.00925147182506314e+00
P 22 -2.66666666666666718e-01 3.73423044575273311e-01 1.00925147182506314e+00
P 23 -2.33333333333333282e-01 4.30894308943089555e-01 2.43902439024390238e+00
P 24 -1.99999999999999956e-01 5.12195121951219634e-01 2.43902439024390238e+00
P 25 -1.66666666666666630e-01 5.93495934959349714e-01 2.43902439024390238e+00
P 26 -1.33333333333333304e-01 6.74796747967479682e-01 2.43902439024390238e+00
P 27 -9.99999999999999778e-02 7.56097560975609762e-01 2.43902439024390238e+00
P 28 -6.66666666666666519e-02 8.37398373983739841e-01 2.43902439024390238e+00
P 29 -3.33333333333333259e-02 9.18699186991869921e-01 2.43902439024390238e+00
P 30 0.00000000000000000e+00 1.00000000000000000e+00 -2.43902439024390238e+00
P 31 3.33333333333334370e-02 9.18699186991869698e-01 -2.43902439024390238e+00
P 32 6.66666666666666519e-02 8.37398373983739841e-01 -2.43902439024390238e+00
P 33 1.00000000000000089e-01 7.56097560975609539e-01 -2.43902439024390238e+00
P 34 1.33333333333333304e-01 6.74796747967479682e-01 -2.43902439024390238e+00
P 35 1.66666666666666741e-01 5.93495934959349380e-01 -2.43902439024390238e+00
P 36 1.99999999999999956e-01 5.12195121951219634e-01 -2.43902439024390238e+00
P 37 2.33333333333333393e-01 4.30894308943089333e-01 -2.43902439024390238e+00
P 38 2.66666666666666607e-01 3.73423044575273422e-01 -1.00925147182506314e+00
P 39 3.00000000000000044e-01 3.39781328847771180e-01 -1.00925147182506314e+00
P 40 3.33333333333333259e-01 3.06139613120269216e-01 -1.00925147182506314e+00
P 41 3.66666666666666696e-01 2.72497897392766975e-01 -1.00925147182506314e+00
P 42 3.99999999999999911e-01 2.38856181665265010e-01 -1.00925147182506314e+00
P 43 4.33333333333333348e-01 2.05214465937762824e-01 -1.00925147182506314e+00
P 44 4.66666666666666563e-01 1.71572750210260833e-01 -1.00925147182506314e+00
P 45 5.00000000000000000e-01 1.37931034482758619e-01 -2.86163971955930740e-01
P 46 5.33333333333333437e-01 1.28392235417560896e-01 -2.86163971955930740e-01
P 47 5.66666666666666652e-01 1.18853436352363243e-01 -2.86163971955930740e-01
P 48 6.00000000000000089e-01 1.09314637287165520e-01 -2.86163971955930740e-01
P 49 6.33333333333333304e-01 9.97758382219678663e-02 -2.86163971955930740e-01
P 50 6.66666666666666741e-01 9.02370391567701435e-02 -2.86163971955930740e-01
P 51 6.99999999999999956e-01 8.06982400915724762e-02 -2.86163971955930740e-01
P 52 7.33333333333333393e-01 7.11594410263747673e-02 -2.86163971955930740e-01
P 53 7.66666666666666607e-01 6.45281412916267755e-02 -1.11714012128949880e-01
P 54 8.00000000000000044e-01 6.08043408873284313e-02 -1.11714012128949880e-01
P 55 8.33333333333333259e-01 5.70805404830301150e-02 -1.11714012128949880e-01
P 56 8.66666666666666696e-01 5.33567400787317778e-02 -1.11714012128949880e-01
P 57 8.99999999999999911e-01 4.96329396744334614e-02 -1.11714012128949880e-01
P 58 9.33333333333333348e-01 4.59091392701351242e-02 -1.11714012128949880e-01
P 59 9.66666666666666563e-01 4.21853388658368078e-02 -1.11714012128949880e-01
P 60 1.00000000000000000e+00 3.84615384615384637e-02 -1.11714012128949880e-01
END interp_linear
CASE interp_cspline
P 0 -1.00000000000000000e+00 3.84615384615384637e-02 6.25113659073090744e-02
P 1 -9.66666666666666674e-01 4.05744077821356616e-02 6.51355070391299168e-02
P 2 -9.33333333333333348e-01 4.28622198448542560e-02 7.30079304345924440e-02
P 3 -9.00000000000000022e-01 4.54999173918156224e-02 8.61286360936966422e-02
P 4 -8.66666666666666696e-01 4.86624431651411574e-02 1.04497624016442539e-01
P 5 -8.33333333333333370e-01 5.25247399069522503e-02 1.28114894202830121e-01
P 6 -8.00000000000000044e-01 5.72617503593702976e-02 1.56980446652859373e-01
P 7 -7.66666666666666607e-01 6.30484172645166818e-02 1.91094281366530422e-01
P 8 -7.33333333333333393e-01 7.00507377409940457e-02 2.28846186110471445e-01
P 9 -6.99999999999999956e-01 7.82289595664742987e-02 2.60574887484453732e-01
P 10 -6.66666666666666741e-01 8.73375811776983951e-02 2.84670173255105352e-01
P 11 -6.33333333333333304e-01 9.71221553878887645e-02 3.01132043422426610e-01
P 12 -5.99999999999999978e-01 1.07328235010267628e-01 3.09960497986417394e-01
P 13 -5.66666666666666652e-01 1.17701372858057346e-01 3.11155536947077704e-01
P 14 -5.33333333333333326e-01 1.27987121744480237e-01 3.04717160304407542e-01
P 15 -5.00000000000000000e-01 1.37931034482758619e-01 2.90645368058407016e-01
P 16 -4.66666666666666674e-01 1.47786664626989833e-01 3.14660226887829297e-01
P 17 -4.33333333333333348e-01 1.59839568694771422e-01 4.22481803471427941e-01
P 18 -4.00000000000000022e-01 1.76883303944575881e-01 6.14110097809202893e-01
P 19 -3.66666666666666696e-01 2.01711427634875762e-01 8.89545109901153985e-01
P 20 -3.33333333333333370e-01 2.37117497024143642e-01 1.24878683974728144e+00
P 21 -3.00000000000000044e-01 2.85895069370852073e-01 1.69183528734758548e+00
P 22 -2.66666666666666718e-01 3.50837701933473523e-01 2.21869045270206522e+00
P 23 -2.33333333333333282e-01 4.34505604473821860e-01 2.78734978641210907e+00
P 24 -1.99999999999999956e-01 5.34091994330553987e-01 3.14579799208602573e+00
P 25 -1.66666666666666630e-01 6.41423096419170946e-01 3.25203252032520318e+00
P 26 -1.33333333333333304e-01 7.48091788158514737e-01 3.10605337112964142e+00
P 27 -9.99999999999999778e-02 8.45690946967427637e-01 2.70786054449933999e+00
P 28 -6.66666666666666519e-02 9.25813450264751370e-01 2.05745404043429936e+00
P 29 -3.33333333333333259e-02 9.80052175469328213e-01 1.15483385893451951e+00
P 30 0.00000000000000000e+00 1.00000000000000000e+00 0.00000000000000000e+00
P 31 3.33333333333334370e-02 9.80052175469328102e-01 -1.15483385893452284e+00
P 32 6.66666666666666519e-02 9.25813450264751370e-01 -2.05745404043429936e+00
P 33 1.00000000000000089e-01 8.45690946967427304e-01 -2.70786054449934177e+00
P 34 1.33333333333333304e-01 7.48091788158514737e-01 -3.10605337112964142e+00
P 35 1.66666666666666741e-01 6.41423096419170502e-01 -3.25203252032520362e+00
P 36 1.99999999999999956e-01 5.34091994330553987e-01 -3.14579799208602617e+00
P 37 2.33333333333333393e-01 4.34505604473821472e-01 -2.78734978641210818e+00
P 38 2.66666666666666607e-01 3.50837701933473745e-01 -2.21869045270206744e+00
P 39 3.00000000000000044e-01 2.85895069370852017e-01 -1.69183528734758504e+00
P 40 3.33333333333333259e-01 2.37117497024143781e-01 -1.24878683974728255e+00
P 41 3.66666666666666696e-01 2.01711427634875762e-01 -8.89545109901153763e-01
P 42 3.99999999999999911e-01 1.76883303944575937e-01 -6.14110097809203115e-01
P 43 4.33333333333333348e-01 1.59839568694771450e-01 -4.22481803471427497e-01
P 44 4.66666666666666563e-01 1.47786664626989916e-01 -3.14660226887829353e-01
P 45 5.00000000000000000e-01 1.37931034482758619e-01 -2.90645368058406905e-01
P 46 5.33333333333333437e-01 1.27987121744480209e-01 -3.04717160304407542e-01
P 47 5.66666666666666652e-01 1.17701372858057346e-01 -3.11155536947077649e-01
P 48 6.00000000000000089e-01 1.07328235010267586e-01 -3.09960497986417338e-01
P 49 6.33333333333333304e-01 9.71221553878887645e-02 -3.01132043422426610e-01
P 50 6.66666666666666741e-01 8.73375811776983813e-02 -2.84670173255105297e-01
P 51 6.99999999999999956e-01 7.82289595664742987e-02 -2.60574887484453677e-01
P 52 7.33333333333333393e-01 7.00507377409940457e-02 -2.28846186110471361e-01
P 53 7.66666666666666607e-01 6.30484172645166957e-02 -1.91094281366530450e-01
P 54 8.00000000000000044e-01 5.72617503593702976e-02 -1.56980446652859401e-01
P 55 8.33333333333333259e-01 5.25247399069522641e-02 -1.28114894202830232e-01
P 56 8.66666666666666696e-01 4.86624431651411574e-02 -1.04497624016442567e-01
P 57 8.99999999999999911e-01 4.54999173918156363e-02 -8.61286360936967393e-02
P 58 9.33333333333333348e-01 4.28622198448542491e-02 -7.30079304345924718e-02
P 59 9.66666666666666563e-01 4.05744077821356686e-02 -6.51355070391299584e-02
P 60 1.00000000000000000e+00 3.84615384615384567e-02 -6.25113659073091021e-02
END interp_cspline
CASE integration
QK 15 5.52629130255249845e-01 4.70507539185953227e-01 5.52629130255249845e-01 4.70507539185953227e-01
QK 21 5.49657116250622857e-01 4.57986833086796219e-01 5.49657116250622857e-01 4.57986833086796219e-01
QK 31 5.49365978298438251e-01 4.58675469339240305e-01 5.49365978298438251e-01 4.58675469339240305e-01
QK 41 5.49360411348011723e-01 2.89170255800535146e-02 5.49360411348011723e-01 4.58803195727147839e-01
QK 51 5.49360308684800125e-01 1.46937177802323625e-03 5.49360308684800125e-01 4.58756474764171918e-01
QK 61 5.49360306815649624e-01 7.46493671753847518e-05 5.49360306815649624e-01 4.58670526981918403e-01
QAG sin 2.00000000000000000e+00 2.22044604925031308e-14
QAG runge 5.49360306778006402e-01 6.07230914411282140e-15
END integration
CASE ode_rk4 1
S 0 5.00000000000000028e-02 1.05127109620844550e+00 6.55585511803261969e-10
S 1 1.00000000000000006e-01 1.10517091772330645e+00 6.89197972765972143e-10
S 2 1.50000000000000022e-01 1.16183424217267395e+00 7.24533973558057624e-10
S 3 2.00000000000000011e-01 1.22140275738137527e+00 7.61681621478752931e-10
S 4 2.50000000000000000e-01 1.28402541566433648e+00 8.00733938414547738e-10
S 5 2.99999999999999989e-01 1.34985880628495214e+00 8.41788446355925158e-10
S 6 3.49999999999999978e-01 1.41906754700980486e+00 8.84947700304413343e-10
S 7 3.99999999999999967e-01 1.49182469573882726e+00 9.30320058027215709e-10
S 8 4.49999999999999956e-01 1.56831218324018740e+00 9.78018555031212600e-10
S 9 4.99999999999999944e-01 1.64872126807197228e+00 1.02816268091980110e-09
S 10 5.49999999999999933e-01 1.73325301482820038e+00 1.08087766885015904e-09
S 11 5.99999999999999978e-01 1.82211879690503520e+00 1.13629544292355908e-09
S 12 6.50000000000000022e-01 1.91554082504437040e+00 1.19455467739726373e-09
S 13 7.00000000000000067e-01 2.01375270297642528e+00 1.25580067826073600e-09
S 14 7.50000000000000111e-01 2.11700001155074657e+00 1.32018686353300528e-09
S 15 8.00000000000000155e-01 2.22554092281624483e+00 1.38787434877940549e-09
S 16 8.50000000000000200e-01 2.33964684558578861e+00 1.45903224317104705e-09
S 17 9.00000000000000244e-01 2.45960310409960359e+00 1.53383853766323841e-09
S 18 9.50000000000000289e-01 2.58570965148448551e+00 1.61248010499548396e-09
S 19 1.00000000000000022e+00 2.71828181979285288e+00 1.69515376550558955e-09
END ode_rk4
CASE ode_rkf45 1
S 0 5.00000000000000028e-02 1.05127109636167870e+00 -3.93129006431847137e-10
S 1 1.00000000000000006e-01 1.10517091804548584e+00 -4.13285161302012760e-10
S 2 1.50000000000000022e-01 1.16183424268072089e+00 -4.34474745070190248e-10
S 3 2.00000000000000011e-01 1.22140275809350207e+00 -4.56750741742451036e-10
S 4 2.50000000000000000e-01 1.28402541660013414e+00 -4.80168852942663961e-10
S 5 2.99999999999999989e-01 1.34985880746548426e+00 -5.04787636343428977e-10
S 6 3.49999999999999978e-01 1.41906754845770777e+00 -5.30668652770627268e-10
S 7 3.99999999999999967e-01 1.49182469747841395e+00 -5.57876615736585576e-10
S 8 4.49999999999999956e-01 1.56831218529756189e+00 -5.86479560749086935e-10
S 9 4.99999999999999944e-01 1.64872127047514816e+00 -6.16549011150935321e-10
S 10 5.49999999999999933e-01 1.73325301760722872e+00 -6.48160155408694670e-10
S 11 5.99999999999999978e-01 1.82211880009213933e+00 -6.81392037238381993e-10
S 12 6.50000000000000022e-01 1.91554082867408981e+00 -7.16327754057832777e-10
S 13 7.00000000000000067e-01 2.01375270708576881e+00 -7.53054663071850469e-10
S 14 7.50000000000000111e-01 2.11700001617935474e+00 -7.91664600541253177e-10
S 15 8.00000000000000155e-01 2.22554092800656189e+00 -8.32254114235819763e-10
S 16 8.50000000000000200e-01 2.33964685138324624e+00 -8.74924693805567782e-10
S 17 9.00000000000000244e-01 2.45960311055281489e+00 -9.19783043479283163e-10
S 18 9.50000000000000289e-01 2.58570965864545288e+00 -9.66941327007475717e-10
S 19 1.00000000000000022e+00 2.71828182771718740e+00 -1.01651747019815279e-09
END ode_rkf45
CASE ode_rkf45osc 2
S 0 5.00000000000000028e-02 9.98750260409154600e-01 -7.51201920221218719e-12 -4.99791692708333457e-02 4.00641026257475562e-10
S 1 1.00000000000000006e-01 9.95004165306351607e-01 1.25210745417769788e-11 -9.98334166485560365e-02 4.00515773324450208e-10
S 2 1.50000000000000022e-01 9.88771077978348401e-01 3.25228720256948195e-11 -1.49438132478311364e-01 3.99389440269848381e-10
S 3 2.00000000000000011e-01 9.80066577897265256e-01 5.24433793700623831e-11 -1.98669330804155442e-01 3.97264840815148013e-10
S 4 2.50000000000000000e-01 9.68912421780018684e-01 7.22328055875742832e-11 -2.47403959269376528e-01 3.94147287030577373e-10
S 5 2.99999999999999989e-01 9.55336489207859851e-01 9.18416873801897234e-11 -2.95520206683302311e-01 3.90044569906211644e-10
S 6 3.49999999999999978e-01 9.39372712941941135e-01 1.11221012781548284e-10 -3.42897807485838646e-01 3.84966944780296180e-10
S 7 3.99999999999999967e-01 9.21060994109085485e-01 1.30322343454974964e-10 -3.89418342348736735e-01 3.78927101848947099e-10
S 8 4.49999999999999956e-01 9.00447102469749128e-01 1.49097936254227736e-10 -4.34965534162242151e-01 3.71940139798354628e-10
S 9 4.99999999999999944e-01 8.77582562017457546e-01 1.67500861965319558e-10 -4.79425538667313411e-01 3.64023520355027951e-10
S 10 5.49999999999999933e-01 8.52524522195654777e-01 1.85485122747297570e-10 -5.22687229006980614e-01 3.55197031856602261e-10
S 11 5.99999999999999978e-01 8.25335615053857663e-01 2.03005766884201149e-10 -5.64642473485614249e-01 3.45482735648883241e-10
S 12 6.50000000000000022e-01 7.96083798700150669e-01 2.20019003016602710e-10 -6.05186405841850572e-01 3.34904912482891802e-10
S 13 7.00000000000000067e-01 7.64842187441307386e-01 2.36482305265850446e-10 -6.44217687359631475e-01 3.23490001799542369e-10
S 14 7.50000000000000111e-01 7.31688869035101441e-01 2.52354525470677150e-10 -6.81638760162218804e-01 3.11266534075427269e-10
S 15 8.00000000000000155e-01 6.96706709511578870e-01 2.67595991372548969e-10 -7.17356091056079226e-01 2.98265062474711871e-10
S 16 8.50000000000000200e-01 6.59983146051139502e-01 2.82168606362265303e-10 -7.51280405315156941e-01 2.84518083572271596e-10
S 17 9.00000000000000244e-01 6.21609968437122240e-01 2.96035945757111563e-10 -7.83326909821195239e-01 2.70059957556412232e-10
S 18 9.50000000000000289e-01 5.81683089629149941e-01 3.09163350649399624e-10 -8.13415505002373473e-01 2.54926822360057613e-10
S 19 1.00000000000000022e+00 5.40302306030681190e-01 3.21518007703747208e-10 -8.41470985040521091e-01 2.39156502414295001e-10
END ode_rkf45osc
