case,route,code,seed,k,k_std_internal,particles,inactive,active,threads,wall_s,load_s,n_nuclides,n_urr,n_dbrc,sab,commit,k_alt
godiva,route1,openmc,1,1.000454,0.000905,5000,40,120,8,0.6,,3,,,false,be4206c2d3,0.999510
godiva,route1,openmc,2,1.001777,0.000856,5000,40,120,8,0.5,,3,,,false,be4206c2d3,1.001097
godiva,route1,openmc,3,0.997345,0.000884,5000,40,120,8,0.5,,3,,,false,be4206c2d3,0.997103
godiva,route1,openmc,4,0.999323,0.000905,5000,40,120,8,0.5,,3,,,false,be4206c2d3,0.999334
godiva,route1,openmc,5,1.000816,0.000803,5000,40,120,8,0.5,,3,,,false,be4206c2d3,1.001478
godiva,route1,openmc,6,1.000265,0.000815,5000,40,120,8,0.5,,3,,,false,be4206c2d3,1.001114
godiva,route1,openmc,7,1.001260,0.000829,5000,40,120,8,0.5,,3,,,false,be4206c2d3,1.002480
godiva,route1,openmc,8,0.999966,0.000834,5000,40,120,8,0.5,,3,,,false,be4206c2d3,0.998866
godiva,route1,openmc,9,1.001264,0.000917,5000,40,120,8,0.5,,3,,,false,be4206c2d3,1.001449
godiva,route1,openmc,10,1.000235,0.000835,5000,40,120,8,0.5,,3,,,false,be4206c2d3,0.999932
godiva,route1,openmc,11,1.001583,0.000902,5000,40,120,8,0.5,,3,,,false,be4206c2d3,1.001682
godiva,route1,openmc,12,0.998542,0.000823,5000,40,120,8,0.5,,3,,,false,be4206c2d3,0.997713
godiva,route1,openmc,13,0.999935,0.000878,5000,40,120,8,0.5,,3,,,false,be4206c2d3,0.999081
godiva,route1,openmc,14,0.999572,0.000846,5000,40,120,8,0.5,,3,,,false,be4206c2d3,0.999335
godiva,route1,openmc,15,1.000613,0.000813,5000,40,120,8,0.5,,3,,,false,be4206c2d3,1.001607
godiva,route1,openmc,16,0.997671,0.000887,5000,40,120,8,0.5,,3,,,false,be4206c2d3,0.999245
godiva,route1,openmc,17,0.998584,0.000841,5000,40,120,8,0.5,,3,,,false,be4206c2d3,0.998577
godiva,route1,openmc,18,1.000225,0.000972,5000,40,120,8,0.5,,3,,,false,be4206c2d3,0.998466
godiva,route1,openmc,19,1.001080,0.000921,5000,40,120,8,0.5,,3,,,false,be4206c2d3,1.000200
godiva,route1,openmc,20,0.999334,0.000836,5000,40,120,8,0.5,,3,,,false,be4206c2d3,1.000195
godiva,route1,openmc,21,0.999815,0.000842,5000,40,120,8,0.5,,3,,,false,be4206c2d3,0.999471
godiva,route1,openmc,22,0.998892,0.000797,5000,40,120,8,0.5,,3,,,false,be4206c2d3,0.998154
godiva,route1,openmc,23,1.000986,0.000901,5000,40,120,8,0.5,,3,,,false,be4206c2d3,1.001343
godiva,route1,openmc,24,1.002531,0.000864,5000,40,120,8,0.5,,3,,,false,be4206c2d3,1.003422
godiva,route1,openmc,25,1.001201,0.000871,5000,40,120,8,0.5,,3,,,false,be4206c2d3,1.000887
godiva,route1,openmc,26,1.000270,0.000880,5000,40,120,8,0.5,,3,,,false,be4206c2d3,1.001466
godiva,route1,openmc,27,0.999983,0.000938,5000,40,120,8,0.5,,3,,,false,be4206c2d3,1.000359
godiva,route1,openmc,28,0.999530,0.000828,5000,40,120,8,0.5,,3,,,false,be4206c2d3,0.999472
godiva,route1,openmc,29,0.999304,0.000832,5000,40,120,8,0.5,,3,,,false,be4206c2d3,0.998984
godiva,route1,openmc,30,1.000081,0.000910,5000,40,120,8,0.5,,3,,,false,be4206c2d3,0.999583
godiva,route1,openmc,31,1.001516,0.000835,5000,40,120,8,0.5,,3,,,false,be4206c2d3,1.000817
godiva,route1,openmc,32,1.001181,0.000811,5000,40,120,8,0.5,,3,,,false,be4206c2d3,1.000801
jemima,route1,openmc,1,0.997081,0.000900,5000,40,120,8,1.4,,3,,,false,be4206c2d3,0.995670
jemima,route1,openmc,2,0.996036,0.000785,5000,40,120,8,1.4,,3,,,false,be4206c2d3,0.995264
jemima,route1,openmc,3,0.993900,0.000873,5000,40,120,8,1.4,,3,,,false,be4206c2d3,0.993705
jemima,route1,openmc,4,0.994932,0.000885,5000,40,120,8,1.4,,3,,,false,be4206c2d3,0.994901
jemima,route1,openmc,5,0.996136,0.001017,5000,40,120,8,1.4,,3,,,false,be4206c2d3,0.995194
jemima,route1,openmc,6,0.996464,0.000908,5000,40,120,8,1.4,,3,,,false,be4206c2d3,0.996893
jemima,route1,openmc,7,0.995061,0.000915,5000,40,120,8,1.4,,3,,,false,be4206c2d3,0.995614
jemima,route1,openmc,8,0.997066,0.000847,5000,40,120,8,1.4,,3,,,false,be4206c2d3,0.998586
jemima,route1,openmc,9,0.996684,0.000879,5000,40,120,8,1.4,,3,,,false,be4206c2d3,0.995826
jemima,route1,openmc,10,0.996150,0.000930,5000,40,120,8,1.4,,3,,,false,be4206c2d3,0.996175
jemima,route1,openmc,11,0.995051,0.000915,5000,40,120,8,1.4,,3,,,false,be4206c2d3,0.995041
jemima,route1,openmc,12,0.995211,0.000940,5000,40,120,8,1.4,,3,,,false,be4206c2d3,0.995040
jemima,route1,openmc,13,0.997209,0.000970,5000,40,120,8,1.4,,3,,,false,be4206c2d3,0.997588
jemima,route1,openmc,14,0.995385,0.000941,5000,40,120,8,1.4,,3,,,false,be4206c2d3,0.995740
jemima,route1,openmc,15,0.997313,0.001010,5000,40,120,8,1.4,,3,,,false,be4206c2d3,0.996144
jemima,route1,openmc,16,0.995632,0.000955,5000,40,120,8,1.4,,3,,,false,be4206c2d3,0.996287
jemima,route1,openmc,17,0.996231,0.000945,5000,40,120,8,1.4,,3,,,false,be4206c2d3,0.996722
jemima,route1,openmc,18,0.996117,0.000935,5000,40,120,8,1.4,,3,,,false,be4206c2d3,0.995899
jemima,route1,openmc,19,0.996130,0.000896,5000,40,120,8,1.4,,3,,,false,be4206c2d3,0.996466
jemima,route1,openmc,20,0.995425,0.000901,5000,40,120,8,1.4,,3,,,false,be4206c2d3,0.995330
jemima,route1,openmc,21,0.995857,0.000867,5000,40,120,8,1.3,,3,,,false,be4206c2d3,0.995992
jemima,route1,openmc,22,0.998540,0.000915,5000,40,120,8,1.4,,3,,,false,be4206c2d3,0.999481
jemima,route1,openmc,23,0.995356,0.000905,5000,40,120,8,1.4,,3,,,false,be4206c2d3,0.996197
jemima,route1,openmc,24,0.996056,0.000938,5000,40,120,8,1.4,,3,,,false,be4206c2d3,0.996148
jemima,route1,openmc,25,0.994546,0.000960,5000,40,120,8,1.4,,3,,,false,be4206c2d3,0.994489
jemima,route1,openmc,26,0.995730,0.000969,5000,40,120,8,1.4,,3,,,false,be4206c2d3,0.995898
jemima,route1,openmc,27,0.994852,0.000881,5000,40,120,8,1.4,,3,,,false,be4206c2d3,0.994287
jemima,route1,openmc,28,0.996487,0.000875,5000,40,120,8,1.4,,3,,,false,be4206c2d3,0.997114
jemima,route1,openmc,29,0.994718,0.000992,5000,40,120,8,1.4,,3,,,false,be4206c2d3,0.995568
jemima,route1,openmc,30,0.995088,0.001014,5000,40,120,8,1.4,,3,,,false,be4206c2d3,0.993598
jemima,route1,openmc,31,0.997446,0.000920,5000,40,120,8,1.4,,3,,,false,be4206c2d3,0.996874
jemima,route1,openmc,32,0.996115,0.000892,5000,40,120,8,1.4,,3,,,false,be4206c2d3,0.995459
hst009,route1,openmc,1,1.000067,0.001326,5000,40,120,8,4.6,,11,,,true,be4206c2d3,1.003468
hst009,route1,openmc,2,1.003402,0.001309,5000,40,120,8,4.6,,11,,,true,be4206c2d3,1.003331
hst009,route1,openmc,3,1.001453,0.001178,5000,40,120,8,4.6,,11,,,true,be4206c2d3,1.002290
hst009,route1,openmc,4,1.002703,0.001408,5000,40,120,8,4.5,,11,,,true,be4206c2d3,1.003046
hst009,route1,openmc,5,1.004559,0.001273,5000,40,120,8,4.4,,11,,,true,be4206c2d3,1.004465
hst009,route1,openmc,6,1.003351,0.001206,5000,40,120,8,4.6,,11,,,true,be4206c2d3,1.005629
hst009,route1,openmc,7,1.002079,0.001182,5000,40,120,8,4.7,,11,,,true,be4206c2d3,1.000942
hst009,route1,openmc,8,1.003990,0.001322,5000,40,120,8,4.8,,11,,,true,be4206c2d3,1.003319
hst009,route1,openmc,9,1.003436,0.001222,5000,40,120,8,4.8,,11,,,true,be4206c2d3,1.002292
hst009,route1,openmc,10,1.001848,0.001371,5000,40,120,8,4.8,,11,,,true,be4206c2d3,1.002697
hst009,route1,openmc,11,1.002169,0.001480,5000,40,120,8,4.8,,11,,,true,be4206c2d3,1.000557
hst009,route1,openmc,12,1.003506,0.001378,5000,40,120,8,4.9,,11,,,true,be4206c2d3,1.004158
hst009,route1,openmc,13,1.004377,0.001363,5000,40,120,8,4.7,,11,,,true,be4206c2d3,1.004644
hst009,route1,openmc,14,1.001417,0.001541,5000,40,120,8,4.9,,11,,,true,be4206c2d3,0.999393
hst009,route1,openmc,15,1.002543,0.001271,5000,40,120,8,4.8,,11,,,true,be4206c2d3,1.000619
hst009,route1,openmc,16,1.002871,0.001280,5000,40,120,8,4.7,,11,,,true,be4206c2d3,1.003177
hst009,route1,openmc,17,1.001008,0.001331,5000,40,120,8,4.8,,11,,,true,be4206c2d3,1.001296
hst009,route1,openmc,18,1.002939,0.001240,5000,40,120,8,4.8,,11,,,true,be4206c2d3,1.004659
hst009,route1,openmc,19,1.004239,0.001393,5000,40,120,8,4.8,,11,,,true,be4206c2d3,1.003219
hst009,route1,openmc,20,1.003427,0.001273,5000,40,120,8,4.8,,11,,,true,be4206c2d3,1.004217
hst009,route1,openmc,21,1.002262,0.001268,5000,40,120,8,4.8,,11,,,true,be4206c2d3,1.001475
hst009,route1,openmc,22,1.001849,0.001374,5000,40,120,8,4.8,,11,,,true,be4206c2d3,1.001130
hst009,route1,openmc,23,0.999314,0.001313,5000,40,120,8,4.8,,11,,,true,be4206c2d3,0.998106
hst009,route1,openmc,24,1.002665,0.001408,5000,40,120,8,4.8,,11,,,true,be4206c2d3,1.004409
hst009,route1,openmc,25,1.001900,0.001328,5000,40,120,8,4.9,,11,,,true,be4206c2d3,1.001177
hst009,route1,openmc,26,1.002335,0.001331,5000,40,120,8,4.8,,11,,,true,be4206c2d3,1.001674
hst009,route1,openmc,27,1.000742,0.001337,5000,40,120,8,4.8,,11,,,true,be4206c2d3,0.998195
hst009,route1,openmc,28,1.001423,0.001249,5000,40,120,8,4.8,,11,,,true,be4206c2d3,1.001704
hst009,route1,openmc,29,1.001732,0.001372,5000,40,120,8,4.8,,11,,,true,be4206c2d3,1.001762
hst009,route1,openmc,30,1.001276,0.001341,5000,40,120,8,4.8,,11,,,true,be4206c2d3,0.999994
hst009,route1,openmc,31,1.000612,0.001344,5000,40,120,8,4.8,,11,,,true,be4206c2d3,0.998335
hst009,route1,openmc,32,1.003338,0.001393,5000,40,120,8,4.7,,11,,,true,be4206c2d3,1.003687
godiva,route2,openmc,1,1.000454,0.000905,5000,40,120,8,0.6,,3,,,false,be4206c2d3,0.999510
godiva,route2,openmc,2,1.001777,0.000856,5000,40,120,8,0.5,,3,,,false,be4206c2d3,1.001097
godiva,route2,openmc,3,0.997345,0.000884,5000,40,120,8,0.5,,3,,,false,be4206c2d3,0.997103
godiva,route2,openmc,4,0.999323,0.000905,5000,40,120,8,0.5,,3,,,false,be4206c2d3,0.999334
godiva,route2,openmc,5,1.000816,0.000803,5000,40,120,8,0.5,,3,,,false,be4206c2d3,1.001478
godiva,route2,openmc,6,1.000265,0.000815,5000,40,120,8,0.5,,3,,,false,be4206c2d3,1.001114
godiva,route2,openmc,7,1.001260,0.000829,5000,40,120,8,0.5,,3,,,false,be4206c2d3,1.002480
godiva,route2,openmc,8,0.999966,0.000834,5000,40,120,8,0.5,,3,,,false,be4206c2d3,0.998866
godiva,route2,openmc,9,1.001264,0.000917,5000,40,120,8,0.5,,3,,,false,be4206c2d3,1.001449
godiva,route2,openmc,10,1.000235,0.000835,5000,40,120,8,0.5,,3,,,false,be4206c2d3,0.999932
godiva,route2,openmc,11,1.001583,0.000902,5000,40,120,8,0.5,,3,,,false,be4206c2d3,1.001682
godiva,route2,openmc,12,0.998542,0.000823,5000,40,120,8,0.5,,3,,,false,be4206c2d3,0.997713
godiva,route2,openmc,13,0.999935,0.000878,5000,40,120,8,0.5,,3,,,false,be4206c2d3,0.999081
godiva,route2,openmc,14,0.999572,0.000846,5000,40,120,8,0.5,,3,,,false,be4206c2d3,0.999335
godiva,route2,openmc,15,1.000613,0.000813,5000,40,120,8,0.5,,3,,,false,be4206c2d3,1.001607
godiva,route2,openmc,16,0.997671,0.000887,5000,40,120,8,0.5,,3,,,false,be4206c2d3,0.999245
godiva,route2,openmc,17,0.998584,0.000841,5000,40,120,8,0.5,,3,,,false,be4206c2d3,0.998577
godiva,route2,openmc,18,1.000225,0.000972,5000,40,120,8,0.5,,3,,,false,be4206c2d3,0.998466
godiva,route2,openmc,19,1.001080,0.000921,5000,40,120,8,0.5,,3,,,false,be4206c2d3,1.000200
godiva,route2,openmc,20,0.999334,0.000836,5000,40,120,8,0.5,,3,,,false,be4206c2d3,1.000195
godiva,route2,openmc,21,0.999815,0.000842,5000,40,120,8,0.5,,3,,,false,be4206c2d3,0.999471
godiva,route2,openmc,22,0.998892,0.000797,5000,40,120,8,0.5,,3,,,false,be4206c2d3,0.998154
godiva,route2,openmc,23,1.000986,0.000901,5000,40,120,8,0.5,,3,,,false,be4206c2d3,1.001343
godiva,route2,openmc,24,1.002531,0.000864,5000,40,120,8,0.5,,3,,,false,be4206c2d3,1.003422
godiva,route2,openmc,25,1.001201,0.000871,5000,40,120,8,0.5,,3,,,false,be4206c2d3,1.000887
godiva,route2,openmc,26,1.000270,0.000880,5000,40,120,8,0.5,,3,,,false,be4206c2d3,1.001466
godiva,route2,openmc,27,0.999983,0.000938,5000,40,120,8,0.5,,3,,,false,be4206c2d3,1.000359
godiva,route2,openmc,28,0.999530,0.000828,5000,40,120,8,0.5,,3,,,false,be4206c2d3,0.999472
godiva,route2,openmc,29,0.999304,0.000832,5000,40,120,8,0.5,,3,,,false,be4206c2d3,0.998984
godiva,route2,openmc,30,1.000081,0.000910,5000,40,120,8,0.5,,3,,,false,be4206c2d3,0.999583
godiva,route2,openmc,31,1.001516,0.000835,5000,40,120,8,0.5,,3,,,false,be4206c2d3,1.000817
godiva,route2,openmc,32,1.001181,0.000811,5000,40,120,8,0.5,,3,,,false,be4206c2d3,1.000801
jemima,route2,openmc,1,0.997081,0.000900,5000,40,120,8,1.4,,3,,,false,be4206c2d3,0.995670
jemima,route2,openmc,2,0.996036,0.000785,5000,40,120,8,1.4,,3,,,false,be4206c2d3,0.995264
jemima,route2,openmc,3,0.993900,0.000873,5000,40,120,8,1.4,,3,,,false,be4206c2d3,0.993705
jemima,route2,openmc,4,0.994932,0.000885,5000,40,120,8,1.4,,3,,,false,be4206c2d3,0.994901
jemima,route2,openmc,5,0.996136,0.001017,5000,40,120,8,1.4,,3,,,false,be4206c2d3,0.995194
jemima,route2,openmc,6,0.996464,0.000908,5000,40,120,8,1.4,,3,,,false,be4206c2d3,0.996893
jemima,route2,openmc,7,0.995061,0.000915,5000,40,120,8,1.4,,3,,,false,be4206c2d3,0.995614
jemima,route2,openmc,8,0.997066,0.000847,5000,40,120,8,1.4,,3,,,false,be4206c2d3,0.998586
jemima,route2,openmc,9,0.996684,0.000879,5000,40,120,8,1.4,,3,,,false,be4206c2d3,0.995826
jemima,route2,openmc,10,0.996150,0.000930,5000,40,120,8,1.4,,3,,,false,be4206c2d3,0.996175
jemima,route2,openmc,11,0.995051,0.000915,5000,40,120,8,1.4,,3,,,false,be4206c2d3,0.995041
jemima,route2,openmc,12,0.995211,0.000940,5000,40,120,8,1.4,,3,,,false,be4206c2d3,0.995040
jemima,route2,openmc,13,0.997209,0.000970,5000,40,120,8,1.4,,3,,,false,be4206c2d3,0.997588
jemima,route2,openmc,14,0.995385,0.000941,5000,40,120,8,1.4,,3,,,false,be4206c2d3,0.995740
jemima,route2,openmc,15,0.997313,0.001010,5000,40,120,8,1.4,,3,,,false,be4206c2d3,0.996144
jemima,route2,openmc,16,0.995632,0.000955,5000,40,120,8,1.4,,3,,,false,be4206c2d3,0.996287
jemima,route2,openmc,17,0.996231,0.000945,5000,40,120,8,1.4,,3,,,false,be4206c2d3,0.996722
jemima,route2,openmc,18,0.996117,0.000935,5000,40,120,8,1.4,,3,,,false,be4206c2d3,0.995899
jemima,route2,openmc,19,0.996130,0.000896,5000,40,120,8,1.4,,3,,,false,be4206c2d3,0.996466
jemima,route2,openmc,20,0.995425,0.000901,5000,40,120,8,1.4,,3,,,false,be4206c2d3,0.995330
jemima,route2,openmc,21,0.995857,0.000867,5000,40,120,8,1.4,,3,,,false,be4206c2d3,0.995992
jemima,route2,openmc,22,0.998540,0.000915,5000,40,120,8,1.4,,3,,,false,be4206c2d3,0.999481
jemima,route2,openmc,23,0.995356,0.000905,5000,40,120,8,1.4,,3,,,false,be4206c2d3,0.996197
jemima,route2,openmc,24,0.996056,0.000938,5000,40,120,8,1.4,,3,,,false,be4206c2d3,0.996148
jemima,route2,openmc,25,0.994546,0.000960,5000,40,120,8,1.4,,3,,,false,be4206c2d3,0.994489
jemima,route2,openmc,26,0.995730,0.000969,5000,40,120,8,1.4,,3,,,false,be4206c2d3,0.995898
jemima,route2,openmc,27,0.994852,0.000881,5000,40,120,8,1.4,,3,,,false,be4206c2d3,0.994287
jemima,route2,openmc,28,0.996487,0.000875,5000,40,120,8,1.4,,3,,,false,be4206c2d3,0.997114
jemima,route2,openmc,29,0.994718,0.000992,5000,40,120,8,1.4,,3,,,false,be4206c2d3,0.995568
jemima,route2,openmc,30,0.995088,0.001014,5000,40,120,8,1.4,,3,,,false,be4206c2d3,0.993598
jemima,route2,openmc,31,0.997446,0.000920,5000,40,120,8,1.4,,3,,,false,be4206c2d3,0.996874
jemima,route2,openmc,32,0.996115,0.000892,5000,40,120,8,1.4,,3,,,false,be4206c2d3,0.995459
lct008,route1,openmc,1,1.001709,0.000458,10000,250,400,4,66.6,,11,,,true,3d9526e5a1,1.001960
lct008,route1,openmc,2,1.002492,0.000439,10000,250,400,4,67.9,,11,,,true,3d9526e5a1,1.002250
lct008,route1,openmc,3,1.002868,0.000440,10000,250,400,4,67.8,,11,,,true,3d9526e5a1,1.002825
lct008,route1,openmc,4,1.002726,0.000457,10000,250,400,4,72.3,,11,,,true,3d9526e5a1,1.003886
lct008,route1,openmc,5,1.002006,0.000441,10000,250,400,4,67.7,,11,,,true,3d9526e5a1,1.002312
lct008,route1,openmc,6,1.002671,0.000419,10000,250,400,4,67.4,,11,,,true,3d9526e5a1,1.002840
lct008,route1,openmc,7,1.002382,0.000438,10000,250,400,4,67.1,,11,,,true,3d9526e5a1,1.002399
lct008,route1,openmc,8,1.002447,0.000440,10000,250,400,4,68.1,,11,,,true,3d9526e5a1,1.002861
lct008,route1,openmc,9,1.002711,0.000440,10000,250,400,4,67.4,,11,,,true,3d9526e5a1,1.002750
lct008,route1,openmc,10,1.002705,0.000419,10000,250,400,4,68.3,,11,,,true,3d9526e5a1,1.003331
lct008,route1,openmc,11,1.002424,0.000435,10000,250,400,4,65.1,,11,,,true,3d9526e5a1,1.001869
lct008,route1,openmc,12,1.002626,0.000405,10000,250,400,4,66.4,,11,,,true,3d9526e5a1,1.003049
lct008,route1,openmc,13,1.002643,0.000425,10000,250,400,4,67.5,,11,,,true,3d9526e5a1,1.002702
lct008,route1,openmc,14,1.002938,0.000448,10000,250,400,4,64.5,,11,,,true,3d9526e5a1,1.003134
lct008,route1,openmc,15,1.002941,0.000473,10000,250,400,4,58.4,,11,,,true,3d9526e5a1,1.002585
lct008,route1,openmc,16,1.002793,0.000433,10000,250,400,4,66.0,,11,,,true,3d9526e5a1,1.002627
lct008,route1,openmc,17,1.002935,0.000457,10000,250,400,4,55.1,,11,,,true,3d9526e5a1,1.003102
lct008,route1,openmc,18,1.002517,0.000438,10000,250,400,4,65.3,,11,,,true,3d9526e5a1,1.002753
lct008,route1,openmc,19,1.002503,0.000479,10000,250,400,4,62.5,,11,,,true,3d9526e5a1,1.002474
lct008,route1,openmc,20,1.002888,0.000461,10000,250,400,4,65.6,,11,,,true,3d9526e5a1,1.002661
lct008,route1,openmc,21,1.002253,0.000463,10000,250,400,4,63.0,,11,,,true,3d9526e5a1,1.002772
lct008,route1,openmc,22,1.002268,0.000422,10000,250,400,4,52.1,,11,,,true,3d9526e5a1,1.002428
lct008,route1,openmc,23,1.001333,0.000440,10000,250,400,4,62.4,,11,,,true,3d9526e5a1,1.000668
lct008,route1,openmc,24,1.002111,0.000430,10000,250,400,4,68.6,,11,,,true,3d9526e5a1,1.001868
lct008,route1,openmc,25,1.002195,0.000462,10000,250,400,4,71.8,,11,,,true,3d9526e5a1,1.002348
lct008,route1,openmc,26,1.003187,0.000436,10000,250,400,4,58.6,,11,,,true,3d9526e5a1,1.003130
lct008,route1,openmc,27,1.002031,0.000462,10000,250,400,4,55.5,,11,,,true,3d9526e5a1,1.001650
lct008,route1,openmc,28,1.001814,0.000427,10000,250,400,4,58.6,,11,,,true,3d9526e5a1,1.001703
lct008,route1,openmc,29,1.003071,0.000463,10000,250,400,4,59.0,,11,,,true,3d9526e5a1,1.002248
lct008,route1,openmc,30,1.002469,0.000429,10000,250,400,4,54.3,,11,,,true,3d9526e5a1,1.001853
lct008,route1,openmc,31,1.003059,0.000417,10000,250,400,4,58.9,,11,,,true,3d9526e5a1,1.002289
lct008,route1,openmc,32,1.002514,0.000436,10000,250,400,4,56.4,,11,,,true,3d9526e5a1,1.002900
hst009,route2,openmc,1,1.001273,0.001356,5000,40,120,4,6.8,,11,,,true,25270acb67,1.002034
hst009,route2,openmc,2,1.002648,0.001324,5000,40,120,4,9.0,,11,,,true,25270acb67,1.007014
hst009,route2,openmc,3,1.003250,0.001292,5000,40,120,4,6.6,,11,,,true,25270acb67,1.002481
hst009,route2,openmc,4,1.005263,0.001332,5000,40,120,4,6.5,,11,,,true,25270acb67,1.005341
hst009,route2,openmc,5,1.003147,0.001366,5000,40,120,4,7.8,,11,,,true,25270acb67,1.001722
hst009,route2,openmc,6,1.001224,0.001248,5000,40,120,4,6.5,,11,,,true,25270acb67,1.001377
hst009,route2,openmc,7,1.001702,0.001371,5000,40,120,4,6.7,,11,,,true,25270acb67,1.002533
hst009,route2,openmc,8,1.005276,0.001338,5000,40,120,4,6.5,,11,,,true,25270acb67,1.004756
hst009,route2,openmc,9,1.002206,0.001479,5000,40,120,4,7.1,,11,,,true,25270acb67,1.002753
hst009,route2,openmc,10,0.999178,0.001330,5000,40,120,4,7.1,,11,,,true,25270acb67,1.000951
hst009,route2,openmc,11,1.004229,0.001227,5000,40,120,4,6.4,,11,,,true,25270acb67,1.005512
hst009,route2,openmc,12,1.000275,0.001271,5000,40,120,4,6.7,,11,,,true,25270acb67,1.000251
hst009,route2,openmc,13,1.003535,0.001312,5000,40,120,4,9.3,,11,,,true,25270acb67,1.003047
hst009,route2,openmc,14,1.001437,0.001143,5000,40,120,4,6.7,,11,,,true,25270acb67,1.001779
hst009,route2,openmc,15,1.001948,0.001261,5000,40,120,4,7.4,,11,,,true,25270acb67,1.004239
hst009,route2,openmc,16,1.003380,0.001234,5000,40,120,4,7.1,,11,,,true,25270acb67,1.006126
hst009,route2,openmc,17,1.002338,0.001342,5000,40,120,4,6.6,,11,,,true,25270acb67,1.002653
hst009,route2,openmc,18,1.003994,0.001310,5000,40,120,4,6.9,,11,,,true,25270acb67,1.005869
hst009,route2,openmc,19,1.001375,0.001276,5000,40,120,4,7.0,,11,,,true,25270acb67,1.003530
hst009,route2,openmc,20,1.001968,0.001324,5000,40,120,4,6.6,,11,,,true,25270acb67,1.002157
hst009,route2,openmc,21,1.004385,0.001249,5000,40,120,4,6.9,,11,,,true,25270acb67,1.005218
hst009,route2,openmc,22,1.002895,0.001185,5000,40,120,4,7.5,,11,,,true,25270acb67,1.002430
hst009,route2,openmc,23,1.003632,0.001422,5000,40,120,4,6.5,,11,,,true,25270acb67,1.001801
hst009,route2,openmc,24,1.006001,0.001314,5000,40,120,4,7.7,,11,,,true,25270acb67,1.005208
hst009,route2,openmc,25,1.002005,0.001443,5000,40,120,4,6.7,,11,,,true,25270acb67,1.000109
hst009,route2,openmc,26,1.004890,0.001382,5000,40,120,4,6.4,,11,,,true,25270acb67,1.003365
hst009,route2,openmc,27,1.001474,0.001284,5000,40,120,4,6.5,,11,,,true,25270acb67,1.002078
hst009,route2,openmc,28,1.002996,0.001327,5000,40,120,4,6.4,,11,,,true,25270acb67,1.004627
hst009,route2,openmc,29,1.000788,0.001277,5000,40,120,4,6.5,,11,,,true,25270acb67,1.002599
hst009,route2,openmc,30,1.000440,0.001361,5000,40,120,4,6.5,,11,,,true,25270acb67,1.000659
hst009,route2,openmc,31,1.002197,0.001272,5000,40,120,4,6.5,,11,,,true,25270acb67,1.005404
hst009,route2,openmc,32,1.006702,0.001280,5000,40,120,4,6.5,,11,,,true,25270acb67,1.005766
lct008,route2,openmc,1,1.002219,0.000454,10000,250,400,4,60.1,,11,,,true,25270acb67,1.002329
lct008,route2,openmc,2,1.003240,0.000439,10000,250,400,4,53.9,,11,,,true,25270acb67,1.003635
lct008,route2,openmc,3,1.002460,0.000457,10000,250,400,4,59.0,,11,,,true,25270acb67,1.002863
lct008,route2,openmc,4,1.002013,0.000419,10000,250,400,4,54.1,,11,,,true,25270acb67,1.002180
lct008,route2,openmc,5,1.002593,0.000422,10000,250,400,4,54.5,,11,,,true,25270acb67,1.002504
lct008,route2,openmc,6,1.003380,0.000454,10000,250,400,4,59.6,,11,,,true,25270acb67,1.002873
lct008,route2,openmc,7,1.002209,0.000432,10000,250,400,4,63.6,,11,,,true,25270acb67,1.002032
lct008,route2,openmc,8,1.002279,0.000435,10000,250,400,4,63.3,,11,,,true,25270acb67,1.002057
lct008,route2,openmc,9,1.003097,0.000445,10000,250,400,4,61.3,,11,,,true,25270acb67,1.003785
lct008,route2,openmc,10,1.001967,0.000456,10000,250,400,4,63.9,,11,,,true,25270acb67,1.002309
lct008,route2,openmc,11,1.002629,0.000442,10000,250,400,4,71.4,,11,,,true,25270acb67,1.002096
lct008,route2,openmc,12,1.002750,0.000466,10000,250,400,4,62.1,,11,,,true,25270acb67,1.002945
lct008,route2,openmc,13,1.001914,0.000444,10000,250,400,4,69.7,,11,,,true,25270acb67,1.002902
lct008,route2,openmc,14,1.002354,0.000456,10000,250,400,4,65.9,,11,,,true,25270acb67,1.002864
lct008,route2,openmc,15,1.002632,0.000440,10000,250,400,4,56.9,,11,,,true,25270acb67,1.002525
lct008,route2,openmc,16,1.001668,0.000449,10000,250,400,4,54.7,,11,,,true,25270acb67,1.001409
lct008,route2,openmc,17,1.002561,0.000444,10000,250,400,4,62.7,,11,,,true,25270acb67,1.002121
lct008,route2,openmc,18,1.002366,0.000451,10000,250,400,4,62.8,,11,,,true,25270acb67,1.002336
lct008,route2,openmc,19,1.002538,0.000431,10000,250,400,4,58.1,,11,,,true,25270acb67,1.003048
lct008,route2,openmc,20,1.002945,0.000429,10000,250,400,4,55.4,,11,,,true,25270acb67,1.003430
lct008,route2,openmc,21,1.001681,0.000417,10000,250,400,4,57.2,,11,,,true,25270acb67,1.001252
lct008,route2,openmc,22,1.002880,0.000426,10000,250,400,4,54.7,,11,,,true,25270acb67,1.003671
lct008,route2,openmc,23,1.002377,0.000445,10000,250,400,4,57.1,,11,,,true,25270acb67,1.002274
lct008,route2,openmc,24,1.002021,0.000439,10000,250,400,4,63.9,,11,,,true,25270acb67,1.001385
lct008,route2,openmc,25,1.002054,0.000442,10000,250,400,4,59.0,,11,,,true,25270acb67,1.001638
lct008,route2,openmc,26,1.001956,0.000431,10000,250,400,4,53.9,,11,,,true,25270acb67,1.001422
lct008,route2,openmc,27,1.003192,0.000444,10000,250,400,4,59.7,,11,,,true,25270acb67,1.003144
lct008,route2,openmc,28,1.002625,0.000421,10000,250,400,4,55.8,,11,,,true,25270acb67,1.002625
lct008,route2,openmc,29,1.002822,0.000465,10000,250,400,4,54.0,,11,,,true,25270acb67,1.001889
lct008,route2,openmc,30,1.003062,0.000443,10000,250,400,4,60.2,,11,,,true,25270acb67,1.003012
lct008,route2,openmc,31,1.002293,0.000416,10000,250,400,4,59.5,,11,,,true,25270acb67,1.002285
lct008,route2,openmc,32,1.002443,0.000425,10000,250,400,4,59.4,,11,,,true,25270acb67,1.002907
lct008,route1,openmc,33,1.002514,0.000431,10000,250,400,4,93.1,,11,,,true,f78b5180d5,1.002490
lct008,route1,openmc,34,1.002841,0.000452,10000,250,400,4,94.8,,11,,,true,f78b5180d5,1.002384
lct008,route1,openmc,35,1.003239,0.000420,10000,250,400,4,95.0,,11,,,true,f78b5180d5,1.003459
lct008,route1,openmc,36,1.002200,0.000455,10000,250,400,4,93.7,,11,,,true,f78b5180d5,1.002219
lct008,route1,openmc,37,1.002146,0.000432,10000,250,400,4,95.1,,11,,,true,f78b5180d5,1.001241
lct008,route1,openmc,38,1.002327,0.000432,10000,250,400,4,95.1,,11,,,true,f78b5180d5,1.001915
lct008,route1,openmc,39,1.002286,0.000449,10000,250,400,4,94.1,,11,,,true,f78b5180d5,1.002736
lct008,route1,openmc,40,1.002300,0.000423,10000,250,400,4,95.3,,11,,,true,f78b5180d5,1.002061
lct008,route1,openmc,41,1.002241,0.000421,10000,250,400,4,95.1,,11,,,true,f78b5180d5,1.002250
lct008,route1,openmc,42,1.002086,0.000446,10000,250,400,4,95.5,,11,,,true,f78b5180d5,1.002324
lct008,route1,openmc,43,1.001551,0.000449,10000,250,400,4,94.2,,11,,,true,f78b5180d5,1.001032
lct008,route1,openmc,44,1.002390,0.000440,10000,250,400,4,95.2,,11,,,true,f78b5180d5,1.002723
lct008,route1,openmc,45,1.003600,0.000450,10000,250,400,4,94.7,,11,,,true,f78b5180d5,1.004038
lct008,route1,openmc,46,1.003467,0.000439,10000,250,400,4,95.2,,11,,,true,f78b5180d5,1.003595
lct008,route1,openmc,47,1.002476,0.000471,10000,250,400,4,95.5,,11,,,true,f78b5180d5,1.002653
lct008,route1,openmc,48,1.002733,0.000428,10000,250,400,4,95.3,,11,,,true,f78b5180d5,1.002747
lct008,route1,openmc,49,1.001655,0.000450,10000,250,400,4,95.4,,11,,,true,f78b5180d5,1.002111
lct008,route1,openmc,50,1.002359,0.000440,10000,250,400,4,95.1,,11,,,true,f78b5180d5,1.002796
lct008,route1,openmc,51,1.001903,0.000444,10000,250,400,4,95.5,,11,,,true,f78b5180d5,1.001126
lct008,route1,openmc,52,1.002333,0.000431,10000,250,400,4,95.1,,11,,,true,f78b5180d5,1.002361
lct008,route1,openmc,53,1.002469,0.000428,10000,250,400,4,94.2,,11,,,true,f78b5180d5,1.002057
lct008,route1,openmc,54,1.001901,0.000425,10000,250,400,4,95.2,,11,,,true,f78b5180d5,1.001943
lct008,route1,openmc,55,1.002473,0.000436,10000,250,400,4,94.7,,11,,,true,f78b5180d5,1.002173
lct008,route1,openmc,56,1.003280,0.000475,10000,250,400,4,94.6,,11,,,true,f78b5180d5,1.003300
lct008,route1,openmc,57,1.002158,0.000436,10000,250,400,4,95.0,,11,,,true,f78b5180d5,1.002461
lct008,route1,openmc,58,1.001670,0.000440,10000,250,400,4,94.9,,11,,,true,f78b5180d5,1.002576
lct008,route1,openmc,59,1.003145,0.000430,10000,250,400,4,95.5,,11,,,true,f78b5180d5,1.003111
lct008,route1,openmc,60,1.000922,0.000453,10000,250,400,4,88.3,,11,,,true,f78b5180d5,1.000112
lct008,route1,openmc,61,1.002101,0.000449,10000,250,400,4,88.9,,11,,,true,f78b5180d5,1.001418
lct008,route1,openmc,62,1.003116,0.000423,10000,250,400,4,87.9,,11,,,true,f78b5180d5,1.003010
lct008,route1,openmc,63,1.002467,0.000416,10000,250,400,4,87.8,,11,,,true,f78b5180d5,1.001374
lct008,route1,openmc,64,1.003090,0.000457,10000,250,400,4,88.0,,11,,,true,f78b5180d5,1.002598
lct008,route1,openmc,65,1.002325,0.000428,10000,250,400,4,88.0,,11,,,true,f78b5180d5,1.002824
lct008,route1,openmc,66,1.002343,0.000463,10000,250,400,4,88.6,,11,,,true,f78b5180d5,1.002424
lct008,route1,openmc,67,1.002068,0.000437,10000,250,400,4,91.5,,11,,,true,f78b5180d5,1.001780
lct008,route1,openmc,68,1.002665,0.000433,10000,250,400,4,94.6,,11,,,true,f78b5180d5,1.002898
lct008,route1,openmc,69,1.002548,0.000467,10000,250,400,4,94.7,,11,,,true,f78b5180d5,1.002675
lct008,route1,openmc,70,1.003142,0.000434,10000,250,400,4,93.4,,11,,,true,f78b5180d5,1.003383
lct008,route1,openmc,71,1.002272,0.000441,10000,250,400,4,94.9,,11,,,true,f78b5180d5,1.002309
lct008,route1,openmc,72,1.001404,0.000435,10000,250,400,4,94.3,,11,,,true,f78b5180d5,1.001323
lct008,route1,openmc,73,1.002352,0.000430,10000,250,400,4,93.5,,11,,,true,f78b5180d5,1.002169
lct008,route1,openmc,74,1.002222,0.000449,10000,250,400,4,94.7,,11,,,true,f78b5180d5,1.002635
lct008,route1,openmc,75,1.002615,0.000436,10000,250,400,4,94.7,,11,,,true,f78b5180d5,1.002378
lct008,route1,openmc,76,1.002644,0.000444,10000,250,400,4,94.7,,11,,,true,f78b5180d5,1.002792
lct008,route1,openmc,77,1.002575,0.000444,10000,250,400,4,93.5,,11,,,true,f78b5180d5,1.003706
lct008,route1,openmc,78,1.002662,0.000451,10000,250,400,4,94.7,,11,,,true,f78b5180d5,1.001933
lct008,route1,openmc,79,1.002785,0.000423,10000,250,400,4,94.8,,11,,,true,f78b5180d5,1.002993
lct008,route1,openmc,80,1.001950,0.000439,10000,250,400,4,94.9,,11,,,true,f78b5180d5,1.002030
lct008,route1,openmc,81,1.001807,0.000451,10000,250,400,4,95.2,,11,,,true,f78b5180d5,1.001706
lct008,route1,openmc,82,1.002576,0.000446,10000,250,400,4,94.2,,11,,,true,f78b5180d5,1.002293
lct008,route1,openmc,83,1.002802,0.000419,10000,250,400,4,94.7,,11,,,true,f78b5180d5,1.002919
lct008,route1,openmc,84,1.002157,0.000460,10000,250,400,4,93.4,,11,,,true,f78b5180d5,1.001686
lct008,route1,openmc,85,1.002432,0.000437,10000,250,400,4,94.7,,11,,,true,f78b5180d5,1.002309
lct008,route1,openmc,86,1.003027,0.000458,10000,250,400,4,94.7,,11,,,true,f78b5180d5,1.003192
lct008,route1,openmc,87,1.002175,0.000409,10000,250,400,4,94.8,,11,,,true,f78b5180d5,1.002122
lct008,route1,openmc,88,1.002618,0.000456,10000,250,400,4,94.9,,11,,,true,f78b5180d5,1.002878
lct008,route1,openmc,89,1.002805,0.000445,10000,250,400,4,95.1,,11,,,true,f78b5180d5,1.003015
lct008,route1,openmc,90,1.002112,0.000442,10000,250,400,4,94.8,,11,,,true,f78b5180d5,1.002233
lct008,route1,openmc,91,1.002521,0.000455,10000,250,400,4,94.9,,11,,,true,f78b5180d5,1.002953
lct008,route1,openmc,92,1.002994,0.000429,10000,250,400,4,94.3,,11,,,true,f78b5180d5,1.002152
lct008,route1,openmc,93,1.001544,0.000433,10000,250,400,4,95.0,,11,,,true,f78b5180d5,1.002256
lct008,route1,openmc,94,1.001457,0.000429,10000,250,400,4,94.2,,11,,,true,f78b5180d5,1.001631
lct008,route1,openmc,95,1.003218,0.000449,10000,250,400,4,95.0,,11,,,true,f78b5180d5,1.002772
lct008,route1,openmc,96,1.001502,0.000451,10000,250,400,4,94.7,,11,,,true,f78b5180d5,1.001072
godiva,route3,outram-mc,1,0.997406,0.001836,5000,40,120,4,0.9,1.8,3,3,3,false,0414bc8277,
godiva,route3,outram-mc,2,0.999924,0.001727,5000,40,120,4,1.1,1.8,3,3,3,false,0414bc8277,
godiva,route3,outram-mc,3,1.002991,0.001498,5000,40,120,4,1.1,1.8,3,3,3,false,0414bc8277,
godiva,route3,outram-mc,4,0.999957,0.001516,5000,40,120,4,1.1,1.8,3,3,3,false,0414bc8277,
godiva,route3,outram-mc,5,0.998417,0.001621,5000,40,120,4,1.1,1.8,3,3,3,false,0414bc8277,
godiva,route3,outram-mc,6,1.004173,0.001648,5000,40,120,4,1.1,1.8,3,3,3,false,0414bc8277,
godiva,route3,outram-mc,7,1.000087,0.001711,5000,40,120,4,1.1,1.8,3,3,3,false,0414bc8277,
godiva,route3,outram-mc,8,0.997511,0.001593,5000,40,120,4,1.0,1.8,3,3,3,false,0414bc8277,
godiva,route3,outram-mc,9,1.000835,0.001730,5000,40,120,4,1.0,1.8,3,3,3,false,0414bc8277,
godiva,route3,outram-mc,10,0.998247,0.001691,5000,40,120,4,1.0,1.8,3,3,3,false,0414bc8277,
godiva,route3,outram-mc,11,0.998088,0.001444,5000,40,120,4,1.1,1.8,3,3,3,false,0414bc8277,
godiva,route3,outram-mc,12,0.999588,0.001707,5000,40,120,4,1.1,1.8,3,3,3,false,0414bc8277,
godiva,route3,outram-mc,13,1.000133,0.001608,5000,40,120,4,1.1,1.8,3,3,3,false,0414bc8277,
godiva,route3,outram-mc,14,0.999907,0.001774,5000,40,120,4,1.0,1.8,3,3,3,false,0414bc8277,
godiva,route3,outram-mc,15,1.001126,0.001679,5000,40,120,4,1.1,1.8,3,3,3,false,0414bc8277,
godiva,route3,outram-mc,16,1.000617,0.001790,5000,40,120,4,1.0,1.8,3,3,3,false,0414bc8277,
godiva,route3,outram-mc,17,1.000226,0.001773,5000,40,120,4,1.0,1.8,3,3,3,false,0414bc8277,
godiva,route3,outram-mc,18,0.999243,0.001687,5000,40,120,4,1.0,1.8,3,3,3,false,0414bc8277,
godiva,route3,outram-mc,19,1.003496,0.001629,5000,40,120,4,1.1,1.8,3,3,3,false,0414bc8277,
godiva,route3,outram-mc,20,0.997894,0.001748,5000,40,120,4,1.0,1.8,3,3,3,false,0414bc8277,
godiva,route3,outram-mc,21,0.997680,0.001760,5000,40,120,4,1.0,1.8,3,3,3,false,0414bc8277,
godiva,route3,outram-mc,22,1.002751,0.001788,5000,40,120,4,1.1,1.8,3,3,3,false,0414bc8277,
godiva,route3,outram-mc,23,1.002385,0.001598,5000,40,120,4,1.0,1.8,3,3,3,false,0414bc8277,
godiva,route3,outram-mc,24,0.999561,0.001824,5000,40,120,4,1.0,1.8,3,3,3,false,0414bc8277,
godiva,route3,outram-mc,25,1.002725,0.001748,5000,40,120,4,1.0,1.8,3,3,3,false,0414bc8277,
godiva,route3,outram-mc,26,0.998382,0.001712,5000,40,120,4,1.1,1.8,3,3,3,false,0414bc8277,
godiva,route3,outram-mc,27,0.997622,0.001778,5000,40,120,4,1.1,1.8,3,3,3,false,0414bc8277,
godiva,route3,outram-mc,28,0.997060,0.001631,5000,40,120,4,1.1,1.8,3,3,3,false,0414bc8277,
godiva,route3,outram-mc,29,1.000602,0.001642,5000,40,120,4,1.2,1.8,3,3,3,false,0414bc8277,
godiva,route3,outram-mc,30,0.998175,0.001691,5000,40,120,4,1.1,1.8,3,3,3,false,0414bc8277,
godiva,route3,outram-mc,31,0.996119,0.001651,5000,40,120,4,1.1,1.8,3,3,3,false,0414bc8277,
godiva,route3,outram-mc,32,0.999444,0.001647,5000,40,120,4,1.1,1.8,3,3,3,false,0414bc8277,
godiva,route4,outram-mc,1,0.999928,0.001618,5000,40,120,4,1.3,48.5,3,3,3,false,0414bc8277,
godiva,route4,outram-mc,2,0.999958,0.001816,5000,40,120,4,1.3,48.5,3,3,3,false,0414bc8277,
godiva,route4,outram-mc,3,1.000108,0.001803,5000,40,120,4,1.4,48.5,3,3,3,false,0414bc8277,
godiva,route4,outram-mc,4,0.998228,0.001804,5000,40,120,4,1.2,48.5,3,3,3,false,0414bc8277,
godiva,route4,outram-mc,5,0.996626,0.001603,5000,40,120,4,1.3,48.5,3,3,3,false,0414bc8277,
godiva,route4,outram-mc,6,1.001064,0.001632,5000,40,120,4,1.3,48.5,3,3,3,false,0414bc8277,
godiva,route4,outram-mc,7,1.000901,0.001825,5000,40,120,4,1.3,48.5,3,3,3,false,0414bc8277,
godiva,route4,outram-mc,8,0.998554,0.001764,5000,40,120,4,1.3,48.5,3,3,3,false,0414bc8277,
godiva,route4,outram-mc,9,0.999192,0.001739,5000,40,120,4,1.2,48.5,3,3,3,false,0414bc8277,
godiva,route4,outram-mc,10,0.999742,0.001643,5000,40,120,4,1.3,48.5,3,3,3,false,0414bc8277,
godiva,route4,outram-mc,11,0.998259,0.001534,5000,40,120,4,1.3,48.5,3,3,3,false,0414bc8277,
godiva,route4,outram-mc,12,1.002234,0.001804,5000,40,120,4,1.3,48.5,3,3,3,false,0414bc8277,
godiva,route4,outram-mc,13,1.001273,0.001630,5000,40,120,4,1.3,48.5,3,3,3,false,0414bc8277,
godiva,route4,outram-mc,14,0.999797,0.001720,5000,40,120,4,1.3,48.5,3,3,3,false,0414bc8277,
godiva,route4,outram-mc,15,1.000613,0.001727,5000,40,120,4,1.3,48.5,3,3,3,false,0414bc8277,
godiva,route4,outram-mc,16,1.000543,0.001795,5000,40,120,4,1.2,48.5,3,3,3,false,0414bc8277,
godiva,route4,outram-mc,17,0.996695,0.001616,5000,40,120,4,1.3,48.5,3,3,3,false,0414bc8277,
godiva,route4,outram-mc,18,0.996414,0.001899,5000,40,120,4,1.3,48.5,3,3,3,false,0414bc8277,
godiva,route4,outram-mc,19,0.999044,0.001699,5000,40,120,4,1.3,48.5,3,3,3,false,0414bc8277,
godiva,route4,outram-mc,20,1.001054,0.001792,5000,40,120,4,1.3,48.5,3,3,3,false,0414bc8277,
godiva,route4,outram-mc,21,0.997535,0.001709,5000,40,120,4,1.3,48.5,3,3,3,false,0414bc8277,
godiva,route4,outram-mc,22,1.000156,0.001657,5000,40,120,4,1.2,48.5,3,3,3,false,0414bc8277,
godiva,route4,outram-mc,23,1.000491,0.001794,5000,40,120,4,1.2,48.5,3,3,3,false,0414bc8277,
godiva,route4,outram-mc,24,0.998199,0.001870,5000,40,120,4,1.1,48.5,3,3,3,false,0414bc8277,
godiva,route4,outram-mc,25,1.000659,0.001546,5000,40,120,4,1.3,48.5,3,3,3,false,0414bc8277,
godiva,route4,outram-mc,26,0.999320,0.001721,5000,40,120,4,1.3,48.5,3,3,3,false,0414bc8277,
godiva,route4,outram-mc,27,1.000149,0.001540,5000,40,120,4,1.2,48.5,3,3,3,false,0414bc8277,
godiva,route4,outram-mc,28,0.999885,0.001515,5000,40,120,4,1.3,48.5,3,3,3,false,0414bc8277,
godiva,route4,outram-mc,29,1.001501,0.001691,5000,40,120,4,1.3,48.5,3,3,3,false,0414bc8277,
godiva,route4,outram-mc,30,0.999664,0.001841,5000,40,120,4,1.4,48.5,3,3,3,false,0414bc8277,
godiva,route4,outram-mc,31,0.997052,0.001632,5000,40,120,4,1.2,48.5,3,3,3,false,0414bc8277,
godiva,route4,outram-mc,32,0.998634,0.001703,5000,40,120,4,1.3,48.5,3,3,3,false,0414bc8277,
godiva,route5,outram-mc,1,0.997406,0.001836,5000,40,120,4,1.2,2.1,3,3,3,false,0414bc8277,
godiva,route5,outram-mc,2,0.999924,0.001727,5000,40,120,4,1.3,2.1,3,3,3,false,0414bc8277,
godiva,route5,outram-mc,3,1.002991,0.001498,5000,40,120,4,1.3,2.1,3,3,3,false,0414bc8277,
godiva,route5,outram-mc,4,0.999957,0.001516,5000,40,120,4,1.4,2.1,3,3,3,false,0414bc8277,
godiva,route5,outram-mc,5,0.998417,0.001621,5000,40,120,4,1.3,2.1,3,3,3,false,0414bc8277,
godiva,route5,outram-mc,6,1.004173,0.001648,5000,40,120,4,1.3,2.1,3,3,3,false,0414bc8277,
godiva,route5,outram-mc,7,1.000087,0.001711,5000,40,120,4,1.3,2.1,3,3,3,false,0414bc8277,
godiva,route5,outram-mc,8,0.997511,0.001593,5000,40,120,4,1.3,2.1,3,3,3,false,0414bc8277,
godiva,route5,outram-mc,9,1.000835,0.001730,5000,40,120,4,1.3,2.1,3,3,3,false,0414bc8277,
godiva,route5,outram-mc,10,0.998247,0.001691,5000,40,120,4,1.2,2.1,3,3,3,false,0414bc8277,
godiva,route5,outram-mc,11,0.998088,0.001444,5000,40,120,4,1.3,2.1,3,3,3,false,0414bc8277,
godiva,route5,outram-mc,12,0.999588,0.001707,5000,40,120,4,1.3,2.1,3,3,3,false,0414bc8277,
godiva,route5,outram-mc,13,1.000133,0.001608,5000,40,120,4,1.3,2.1,3,3,3,false,0414bc8277,
godiva,route5,outram-mc,14,0.999907,0.001774,5000,40,120,4,1.3,2.1,3,3,3,false,0414bc8277,
godiva,route5,outram-mc,15,1.001126,0.001679,5000,40,120,4,1.3,2.1,3,3,3,false,0414bc8277,
godiva,route5,outram-mc,16,1.000617,0.001790,5000,40,120,4,1.2,2.1,3,3,3,false,0414bc8277,
godiva,route5,outram-mc,17,1.000226,0.001773,5000,40,120,4,1.3,2.1,3,3,3,false,0414bc8277,
godiva,route5,outram-mc,18,0.999243,0.001687,5000,40,120,4,1.3,2.1,3,3,3,false,0414bc8277,
godiva,route5,outram-mc,19,1.003496,0.001629,5000,40,120,4,1.3,2.1,3,3,3,false,0414bc8277,
godiva,route5,outram-mc,20,0.997894,0.001748,5000,40,120,4,1.4,2.1,3,3,3,false,0414bc8277,
godiva,route5,outram-mc,21,0.997680,0.001760,5000,40,120,4,1.3,2.1,3,3,3,false,0414bc8277,
godiva,route5,outram-mc,22,1.002751,0.001788,5000,40,120,4,1.3,2.1,3,3,3,false,0414bc8277,
godiva,route5,outram-mc,23,1.002385,0.001598,5000,40,120,4,1.3,2.1,3,3,3,false,0414bc8277,
lct008,route5,outram-mc,1,1.003249,0.000613,10000,250,400,3,155.7,2.1,11,4,11,true,0414bc8277,
godiva,route5,outram-mc,24,0.999561,0.001824,5000,40,120,4,1.3,2.1,3,3,3,false,0414bc8277,
lct008,route3,outram-mc,1,1.004056,0.000601,10000,250,400,3,157.9,2.1,11,4,11,true,0414bc8277,
godiva,route5,outram-mc,25,1.002725,0.001748,5000,40,120,4,1.3,2.1,3,3,3,false,0414bc8277,
godiva,route5,outram-mc,26,0.998382,0.001712,5000,40,120,4,1.3,2.1,3,3,3,false,0414bc8277,
godiva,route5,outram-mc,27,0.997622,0.001778,5000,40,120,4,1.3,2.1,3,3,3,false,0414bc8277,
godiva,route5,outram-mc,28,0.997060,0.001631,5000,40,120,4,1.3,2.1,3,3,3,false,0414bc8277,
godiva,route5,outram-mc,29,1.000602,0.001642,5000,40,120,4,1.2,2.1,3,3,3,false,0414bc8277,
godiva,route5,outram-mc,30,0.998175,0.001691,5000,40,120,4,1.3,2.1,3,3,3,false,0414bc8277,
godiva,route5,outram-mc,31,0.996119,0.001651,5000,40,120,4,1.2,2.1,3,3,3,false,0414bc8277,
godiva,route5,outram-mc,32,0.999444,0.001647,5000,40,120,4,1.4,2.1,3,3,3,false,0414bc8277,
jemima,route3,outram-mc,1,0.996261,0.001573,5000,40,120,4,7.9,2.2,3,3,3,false,0414bc8277,
jemima,route3,outram-mc,2,0.998655,0.001628,5000,40,120,4,8.1,2.2,3,3,3,false,0414bc8277,
jemima,route3,outram-mc,3,0.993604,0.001733,5000,40,120,4,7.9,2.2,3,3,3,false,0414bc8277,
jemima,route3,outram-mc,4,0.994809,0.001636,5000,40,120,4,8.0,2.2,3,3,3,false,0414bc8277,
jemima,route3,outram-mc,5,0.995010,0.001601,5000,40,120,4,7.9,2.2,3,3,3,false,0414bc8277,
jemima,route3,outram-mc,6,0.998577,0.001664,5000,40,120,4,8.0,2.2,3,3,3,false,0414bc8277,
jemima,route3,outram-mc,7,0.997125,0.001597,5000,40,120,4,7.9,2.2,3,3,3,false,0414bc8277,
jemima,route3,outram-mc,8,0.996752,0.001613,5000,40,120,4,8.2,2.2,3,3,3,false,0414bc8277,
lct008,route4,outram-mc,1,1.001927,0.000618,10000,250,400,3,172.8,69.2,11,4,11,true,0414bc8277,
jemima,route3,outram-mc,9,0.997263,0.001714,5000,40,120,4,7.6,2.2,3,3,3,false,0414bc8277,
jemima,route3,outram-mc,10,0.995540,0.001861,5000,40,120,4,8.3,2.2,3,3,3,false,0414bc8277,
jemima,route3,outram-mc,11,0.996565,0.001739,5000,40,120,4,8.3,2.2,3,3,3,false,0414bc8277,
jemima,route3,outram-mc,12,0.994656,0.001789,5000,40,120,4,7.8,2.2,3,3,3,false,0414bc8277,
jemima,route3,outram-mc,13,0.995504,0.001597,5000,40,120,4,7.7,2.2,3,3,3,false,0414bc8277,
jemima,route3,outram-mc,14,0.995989,0.001673,5000,40,120,4,8.0,2.2,3,3,3,false,0414bc8277,
jemima,route3,outram-mc,15,0.997381,0.001538,5000,40,120,4,7.7,2.2,3,3,3,false,0414bc8277,
jemima,route3,outram-mc,16,0.993250,0.001680,5000,40,120,4,7.9,2.2,3,3,3,false,0414bc8277,
jemima,route3,outram-mc,17,0.997446,0.001699,5000,40,120,4,8.0,2.2,3,3,3,false,0414bc8277,
jemima,route3,outram-mc,18,0.995119,0.001734,5000,40,120,4,7.4,2.2,3,3,3,false,0414bc8277,
jemima,route3,outram-mc,19,0.997951,0.001746,5000,40,120,4,7.6,2.2,3,3,3,false,0414bc8277,
jemima,route3,outram-mc,20,0.993919,0.001783,5000,40,120,4,7.6,2.2,3,3,3,false,0414bc8277,
lct008,route5,outram-mc,2,1.002822,0.000593,10000,250,400,3,176.1,2.1,11,4,11,true,0414bc8277,
lct008,route3,outram-mc,2,1.002997,0.000636,10000,250,400,3,175.9,2.1,11,4,11,true,0414bc8277,
jemima,route3,outram-mc,21,0.996904,0.001521,5000,40,120,4,7.8,2.2,3,3,3,false,0414bc8277,
jemima,route3,outram-mc,22,0.995126,0.001753,5000,40,120,4,7.8,2.2,3,3,3,false,0414bc8277,
jemima,route3,outram-mc,23,0.995781,0.001619,5000,40,120,4,7.9,2.2,3,3,3,false,0414bc8277,
jemima,route3,outram-mc,24,0.996902,0.001660,5000,40,120,4,8.1,2.2,3,3,3,false,0414bc8277,
jemima,route3,outram-mc,25,0.997061,0.001747,5000,40,120,4,8.0,2.2,3,3,3,false,0414bc8277,
jemima,route3,outram-mc,26,0.996860,0.001787,5000,40,120,4,7.7,2.2,3,3,3,false,0414bc8277,
jemima,route3,outram-mc,27,0.994426,0.001494,5000,40,120,4,8.1,2.2,3,3,3,false,0414bc8277,
jemima,route3,outram-mc,28,0.997253,0.001706,5000,40,120,4,7.8,2.2,3,3,3,false,0414bc8277,
jemima,route3,outram-mc,29,0.993428,0.001561,5000,40,120,4,8.0,2.2,3,3,3,false,0414bc8277,
jemima,route3,outram-mc,30,0.995241,0.001636,5000,40,120,4,7.5,2.2,3,3,3,false,0414bc8277,
jemima,route3,outram-mc,31,0.995189,0.001803,5000,40,120,4,8.0,2.2,3,3,3,false,0414bc8277,
lct008,route4,outram-mc,2,1.001891,0.000643,10000,250,400,3,176.0,69.2,11,4,11,true,0414bc8277,
jemima,route3,outram-mc,32,0.994607,0.001585,5000,40,120,4,7.3,2.2,3,3,3,false,0414bc8277,
jemima,route4,outram-mc,1,0.995114,0.001647,5000,40,120,4,7.7,50.7,3,3,3,false,0414bc8277,
jemima,route4,outram-mc,2,0.994962,0.001701,5000,40,120,4,7.9,50.7,3,3,3,false,0414bc8277,
jemima,route4,outram-mc,3,0.994198,0.001671,5000,40,120,4,8.3,50.7,3,3,3,false,0414bc8277,
jemima,route4,outram-mc,4,0.997382,0.001855,5000,40,120,4,8.0,50.7,3,3,3,false,0414bc8277,
lct008,route3,outram-mc,3,1.002141,0.000642,10000,250,400,3,170.1,2.1,11,4,11,true,0414bc8277,
lct008,route5,outram-mc,3,1.002764,0.000622,10000,250,400,3,174.1,2.1,11,4,11,true,0414bc8277,
jemima,route4,outram-mc,5,0.995411,0.001411,5000,40,120,4,8.0,50.7,3,3,3,false,0414bc8277,
jemima,route4,outram-mc,6,0.996650,0.001835,5000,40,120,4,8.3,50.7,3,3,3,false,0414bc8277,
jemima,route4,outram-mc,7,0.998609,0.001636,5000,40,120,4,7.7,50.7,3,3,3,false,0414bc8277,
jemima,route4,outram-mc,8,0.998209,0.001673,5000,40,120,4,7.7,50.7,3,3,3,false,0414bc8277,
jemima,route4,outram-mc,9,0.994041,0.001457,5000,40,120,4,7.8,50.7,3,3,3,false,0414bc8277,
jemima,route4,outram-mc,10,0.998971,0.001749,5000,40,120,4,8.1,50.7,3,3,3,false,0414bc8277,
jemima,route4,outram-mc,11,0.992645,0.001625,5000,40,120,4,7.9,50.7,3,3,3,false,0414bc8277,
jemima,route4,outram-mc,12,0.994813,0.001743,5000,40,120,4,7.6,50.7,3,3,3,false,0414bc8277,
jemima,route4,outram-mc,13,0.995586,0.001691,5000,40,120,4,7.7,50.7,3,3,3,false,0414bc8277,
jemima,route4,outram-mc,14,0.996226,0.001742,5000,40,120,4,8.0,50.7,3,3,3,false,0414bc8277,
lct008,route4,outram-mc,3,1.003047,0.000607,10000,250,400,3,170.3,69.2,11,4,11,true,0414bc8277,
jemima,route4,outram-mc,15,0.996828,0.001709,5000,40,120,4,7.7,50.7,3,3,3,false,0414bc8277,
jemima,route4,outram-mc,16,0.995631,0.001646,5000,40,120,4,7.9,50.7,3,3,3,false,0414bc8277,
jemima,route4,outram-mc,17,0.995720,0.001810,5000,40,120,4,7.8,50.7,3,3,3,false,0414bc8277,
jemima,route4,outram-mc,18,0.997898,0.001620,5000,40,120,4,7.7,50.7,3,3,3,false,0414bc8277,
jemima,route4,outram-mc,19,0.997166,0.001842,5000,40,120,4,8.0,50.7,3,3,3,false,0414bc8277,
jemima,route4,outram-mc,20,0.996012,0.001589,5000,40,120,4,7.9,50.7,3,3,3,false,0414bc8277,
jemima,route4,outram-mc,21,0.993777,0.001705,5000,40,120,4,7.8,50.7,3,3,3,false,0414bc8277,
jemima,route4,outram-mc,22,0.995490,0.001771,5000,40,120,4,7.3,50.7,3,3,3,false,0414bc8277,
jemima,route4,outram-mc,23,0.995325,0.001561,5000,40,120,4,8.0,50.7,3,3,3,false,0414bc8277,
jemima,route4,outram-mc,24,0.997388,0.001680,5000,40,120,4,7.9,50.7,3,3,3,false,0414bc8277,
jemima,route4,outram-mc,25,0.996297,0.001538,5000,40,120,4,8.0,50.7,3,3,3,false,0414bc8277,
jemima,route4,outram-mc,26,0.993841,0.001618,5000,40,120,4,8.2,50.7,3,3,3,false,0414bc8277,
lct008,route3,outram-mc,4,1.001895,0.000588,10000,250,400,3,175.3,2.1,11,4,11,true,0414bc8277,
lct008,route5,outram-mc,4,1.001480,0.000596,10000,250,400,3,173.7,2.1,11,4,11,true,0414bc8277,
jemima,route4,outram-mc,27,0.997864,0.001815,5000,40,120,4,7.9,50.7,3,3,3,false,0414bc8277,
jemima,route4,outram-mc,28,0.996549,0.001579,5000,40,120,4,8.0,50.7,3,3,3,false,0414bc8277,
jemima,route4,outram-mc,29,0.997415,0.001656,5000,40,120,4,7.7,50.7,3,3,3,false,0414bc8277,
jemima,route4,outram-mc,30,0.995071,0.001850,5000,40,120,4,7.7,50.7,3,3,3,false,0414bc8277,
jemima,route4,outram-mc,31,0.997182,0.001605,5000,40,120,4,7.6,50.7,3,3,3,false,0414bc8277,
jemima,route4,outram-mc,32,0.996657,0.001629,5000,40,120,4,8.1,50.7,3,3,3,false,0414bc8277,
jemima,route5,outram-mc,1,0.996261,0.001573,5000,40,120,4,8.0,2.2,3,3,3,false,0414bc8277,
jemima,route5,outram-mc,2,0.998655,0.001628,5000,40,120,4,8.3,2.2,3,3,3,false,0414bc8277,
jemima,route5,outram-mc,3,0.993604,0.001733,5000,40,120,4,8.1,2.2,3,3,3,false,0414bc8277,
jemima,route5,outram-mc,4,0.994809,0.001636,5000,40,120,4,7.8,2.2,3,3,3,false,0414bc8277,
lct008,route4,outram-mc,4,1.001444,0.000605,10000,250,400,3,176.3,69.2,11,4,11,true,0414bc8277,
jemima,route5,outram-mc,5,0.995010,0.001601,5000,40,120,4,7.8,2.2,3,3,3,false,0414bc8277,
jemima,route5,outram-mc,6,0.998577,0.001664,5000,40,120,4,8.2,2.2,3,3,3,false,0414bc8277,
jemima,route5,outram-mc,7,0.997125,0.001597,5000,40,120,4,7.7,2.2,3,3,3,false,0414bc8277,
jemima,route5,outram-mc,8,0.996752,0.001613,5000,40,120,4,7.7,2.2,3,3,3,false,0414bc8277,
jemima,route5,outram-mc,9,0.997263,0.001714,5000,40,120,4,7.5,2.2,3,3,3,false,0414bc8277,
jemima,route5,outram-mc,10,0.995540,0.001861,5000,40,120,4,7.8,2.2,3,3,3,false,0414bc8277,
jemima,route5,outram-mc,11,0.996565,0.001739,5000,40,120,4,7.9,2.2,3,3,3,false,0414bc8277,
jemima,route5,outram-mc,12,0.994656,0.001789,5000,40,120,4,8.2,2.2,3,3,3,false,0414bc8277,
jemima,route5,outram-mc,13,0.995504,0.001597,5000,40,120,4,8.1,2.2,3,3,3,false,0414bc8277,
jemima,route5,outram-mc,14,0.995989,0.001673,5000,40,120,4,8.2,2.2,3,3,3,false,0414bc8277,
jemima,route5,outram-mc,15,0.997381,0.001538,5000,40,120,4,7.9,2.2,3,3,3,false,0414bc8277,
jemima,route5,outram-mc,16,0.993250,0.001680,5000,40,120,4,7.9,2.2,3,3,3,false,0414bc8277,
lct008,route5,outram-mc,5,1.001957,0.000641,10000,250,400,3,175.1,2.1,11,4,11,true,0414bc8277,
lct008,route3,outram-mc,5,1.002160,0.000634,10000,250,400,3,175.9,2.1,11,4,11,true,0414bc8277,
jemima,route5,outram-mc,17,0.997446,0.001699,5000,40,120,4,8.2,2.2,3,3,3,false,0414bc8277,
jemima,route5,outram-mc,18,0.995119,0.001734,5000,40,120,4,8.0,2.2,3,3,3,false,0414bc8277,
jemima,route5,outram-mc,19,0.997951,0.001746,5000,40,120,4,7.8,2.2,3,3,3,false,0414bc8277,
jemima,route5,outram-mc,20,0.993919,0.001783,5000,40,120,4,8.0,2.2,3,3,3,false,0414bc8277,
jemima,route5,outram-mc,21,0.996904,0.001521,5000,40,120,4,8.0,2.2,3,3,3,false,0414bc8277,
jemima,route5,outram-mc,22,0.995126,0.001753,5000,40,120,4,7.9,2.2,3,3,3,false,0414bc8277,
jemima,route5,outram-mc,23,0.995781,0.001619,5000,40,120,4,7.8,2.2,3,3,3,false,0414bc8277,
jemima,route5,outram-mc,24,0.996902,0.001660,5000,40,120,4,7.9,2.2,3,3,3,false,0414bc8277,
jemima,route5,outram-mc,25,0.997061,0.001747,5000,40,120,4,8.5,2.2,3,3,3,false,0414bc8277,
jemima,route5,outram-mc,26,0.996860,0.001787,5000,40,120,4,7.6,2.2,3,3,3,false,0414bc8277,
lct008,route4,outram-mc,5,1.001521,0.000592,10000,250,400,3,175.0,69.2,11,4,11,true,0414bc8277,
jemima,route5,outram-mc,27,0.994426,0.001494,5000,40,120,4,8.0,2.2,3,3,3,false,0414bc8277,
jemima,route5,outram-mc,28,0.997253,0.001706,5000,40,120,4,8.0,2.2,3,3,3,false,0414bc8277,
jemima,route5,outram-mc,29,0.993428,0.001561,5000,40,120,4,7.9,2.2,3,3,3,false,0414bc8277,
jemima,route5,outram-mc,30,0.995241,0.001636,5000,40,120,4,8.1,2.2,3,3,3,false,0414bc8277,
jemima,route5,outram-mc,31,0.995189,0.001803,5000,40,120,4,7.4,2.2,3,3,3,false,0414bc8277,
jemima,route5,outram-mc,32,0.994607,0.001585,5000,40,120,4,8.4,2.2,3,3,3,false,0414bc8277,
hst009,route3,outram-mc,1,1.000599,0.001700,5000,40,120,4,16.1,3.2,11,4,11,true,0414bc8277,
hst009,route3,outram-mc,2,0.999776,0.001519,5000,40,120,4,16.0,3.2,11,4,11,true,0414bc8277,
lct008,route5,outram-mc,6,1.001720,0.000632,10000,250,400,3,172.6,2.1,11,4,11,true,0414bc8277,
lct008,route3,outram-mc,6,1.002769,0.000587,10000,250,400,3,176.2,2.1,11,4,11,true,0414bc8277,
hst009,route3,outram-mc,3,1.003288,0.001347,5000,40,120,4,15.9,3.2,11,4,11,true,0414bc8277,
hst009,route3,outram-mc,4,1.003066,0.001486,5000,40,120,4,16.6,3.2,11,4,11,true,0414bc8277,
hst009,route3,outram-mc,5,1.001638,0.001582,5000,40,120,4,16.1,3.2,11,4,11,true,0414bc8277,
hst009,route3,outram-mc,6,1.001479,0.001499,5000,40,120,4,16.0,3.2,11,4,11,true,0414bc8277,
hst009,route3,outram-mc,7,1.001063,0.001344,5000,40,120,4,15.6,3.2,11,4,11,true,0414bc8277,
lct008,route4,outram-mc,6,1.001880,0.000616,10000,250,400,3,174.3,69.2,11,4,11,true,0414bc8277,
hst009,route3,outram-mc,8,1.002692,0.001537,5000,40,120,4,16.0,3.2,11,4,11,true,0414bc8277,
hst009,route3,outram-mc,9,1.001821,0.001350,5000,40,120,4,15.6,3.2,11,4,11,true,0414bc8277,
hst009,route3,outram-mc,10,1.001806,0.001866,5000,40,120,4,15.5,3.2,11,4,11,true,0414bc8277,
hst009,route3,outram-mc,11,1.001809,0.001568,5000,40,120,4,16.0,3.2,11,4,11,true,0414bc8277,
hst009,route3,outram-mc,12,1.000785,0.001496,5000,40,120,4,16.1,3.2,11,4,11,true,0414bc8277,
hst009,route3,outram-mc,13,1.003346,0.001534,5000,40,120,4,16.1,3.2,11,4,11,true,0414bc8277,
lct008,route3,outram-mc,7,1.001395,0.000632,10000,250,400,3,172.7,2.1,11,4,11,true,0414bc8277,
lct008,route5,outram-mc,7,1.002079,0.000584,10000,250,400,3,177.3,2.1,11,4,11,true,0414bc8277,
hst009,route3,outram-mc,14,1.002553,0.001618,5000,40,120,4,16.4,3.2,11,4,11,true,0414bc8277,
hst009,route3,outram-mc,15,1.000519,0.001633,5000,40,120,4,16.3,3.2,11,4,11,true,0414bc8277,
hst009,route3,outram-mc,16,1.000045,0.001482,5000,40,120,4,15.9,3.2,11,4,11,true,0414bc8277,
hst009,route3,outram-mc,17,1.001223,0.001608,5000,40,120,4,16.1,3.2,11,4,11,true,0414bc8277,
hst009,route3,outram-mc,18,1.000975,0.001642,5000,40,120,4,16.1,3.2,11,4,11,true,0414bc8277,
hst009,route3,outram-mc,19,1.002468,0.001553,5000,40,120,4,16.1,3.2,11,4,11,true,0414bc8277,
lct008,route4,outram-mc,7,1.001742,0.000610,10000,250,400,3,178.5,69.2,11,4,11,true,0414bc8277,
hst009,route3,outram-mc,20,1.002346,0.001442,5000,40,120,4,16.4,3.2,11,4,11,true,0414bc8277,
hst009,route3,outram-mc,21,1.001939,0.001523,5000,40,120,4,16.0,3.2,11,4,11,true,0414bc8277,
hst009,route3,outram-mc,22,1.004659,0.001521,5000,40,120,4,16.5,3.2,11,4,11,true,0414bc8277,
hst009,route3,outram-mc,23,1.002734,0.001605,5000,40,120,4,15.8,3.2,11,4,11,true,0414bc8277,
hst009,route3,outram-mc,24,1.002692,0.001584,5000,40,120,4,16.2,3.2,11,4,11,true,0414bc8277,
lct008,route3,outram-mc,8,1.001746,0.000660,10000,250,400,3,179.6,2.1,11,4,11,true,0414bc8277,
hst009,route3,outram-mc,25,1.002733,0.001531,5000,40,120,4,15.8,3.2,11,4,11,true,0414bc8277,
lct008,route5,outram-mc,8,1.001975,0.000647,10000,250,400,3,183.0,2.1,11,4,11,true,0414bc8277,
hst009,route3,outram-mc,26,1.002879,0.001716,5000,40,120,4,16.8,3.2,11,4,11,true,0414bc8277,
hst009,route3,outram-mc,27,1.004502,0.001717,5000,40,120,4,16.1,3.2,11,4,11,true,0414bc8277,
hst009,route3,outram-mc,28,1.001908,0.001425,5000,40,120,4,16.7,3.2,11,4,11,true,0414bc8277,
hst009,route3,outram-mc,29,1.001795,0.001434,5000,40,120,4,16.5,3.2,11,4,11,true,0414bc8277,
hst009,route3,outram-mc,30,1.000313,0.001627,5000,40,120,4,16.7,3.2,11,4,11,true,0414bc8277,
lct008,route4,outram-mc,8,1.002593,0.000629,10000,250,400,3,178.2,69.2,11,4,11,true,0414bc8277,
hst009,route3,outram-mc,31,1.001306,0.001486,5000,40,120,4,16.3,3.2,11,4,11,true,0414bc8277,
hst009,route3,outram-mc,32,1.004807,0.001531,5000,40,120,4,16.5,3.2,11,4,11,true,0414bc8277,
lct008,route3,outram-mc,9,1.002219,0.000630,10000,250,400,3,175.4,2.1,11,4,11,true,0414bc8277,
lct008,route5,outram-mc,9,1.002472,0.000639,10000,250,400,3,174.2,2.1,11,4,11,true,0414bc8277,
hst009,route4,outram-mc,1,1.000543,0.001466,5000,40,120,4,16.5,74.5,11,4,11,true,0414bc8277,
hst009,route4,outram-mc,2,1.003186,0.001587,5000,40,120,4,15.8,74.5,11,4,11,true,0414bc8277,
hst009,route4,outram-mc,3,1.002180,0.001478,5000,40,120,4,16.1,74.5,11,4,11,true,0414bc8277,
lct008,route4,outram-mc,9,1.001708,0.000669,10000,250,400,3,171.0,69.2,11,4,11,true,0414bc8277,
hst009,route4,outram-mc,4,1.001981,0.001716,5000,40,120,4,16.3,74.5,11,4,11,true,0414bc8277,
hst009,route4,outram-mc,5,1.000199,0.001727,5000,40,120,4,16.0,74.5,11,4,11,true,0414bc8277,
hst009,route4,outram-mc,6,1.000541,0.001501,5000,40,120,4,16.1,74.5,11,4,11,true,0414bc8277,
hst009,route4,outram-mc,7,1.002216,0.001596,5000,40,120,4,16.4,74.5,11,4,11,true,0414bc8277,
hst009,route4,outram-mc,8,1.005128,0.001547,5000,40,120,4,16.1,74.5,11,4,11,true,0414bc8277,
hst009,route4,outram-mc,9,1.001375,0.001464,5000,40,120,4,16.2,74.5,11,4,11,true,0414bc8277,
lct008,route3,outram-mc,10,1.001821,0.000618,10000,250,400,3,176.1,2.1,11,4,11,true,0414bc8277,
hst009,route4,outram-mc,10,1.002208,0.001506,5000,40,120,4,15.4,74.5,11,4,11,true,0414bc8277,
lct008,route5,outram-mc,10,1.002547,0.000626,10000,250,400,3,175.3,2.1,11,4,11,true,0414bc8277,
hst009,route4,outram-mc,11,1.003746,0.001568,5000,40,120,4,24.5,74.5,11,4,11,true,0414bc8277,
hst009,route4,outram-mc,12,1.002355,0.001733,5000,40,120,4,17.8,74.5,11,4,11,true,0414bc8277,
hst009,route4,outram-mc,13,1.000122,0.001739,5000,40,120,4,16.1,74.5,11,4,11,true,0414bc8277,
hst009,route4,outram-mc,14,1.003608,0.001609,5000,40,120,4,16.2,74.5,11,4,11,true,0414bc8277,
hst009,route4,outram-mc,15,1.001150,0.001551,5000,40,120,4,16.0,74.5,11,4,11,true,0414bc8277,
lct008,route4,outram-mc,10,1.000937,0.000634,10000,250,400,3,189.2,69.2,11,4,11,true,0414bc8277,
hst009,route4,outram-mc,16,1.002853,0.001513,5000,40,120,4,16.5,74.5,11,4,11,true,0414bc8277,
hst009,route4,outram-mc,17,1.001279,0.001708,5000,40,120,4,16.2,74.5,11,4,11,true,0414bc8277,
hst009,route4,outram-mc,18,1.000762,0.001632,5000,40,120,4,16.4,74.5,11,4,11,true,0414bc8277,
hst009,route4,outram-mc,19,0.997346,0.001354,5000,40,120,4,16.6,74.5,11,4,11,true,0414bc8277,
hst009,route4,outram-mc,20,1.002506,0.001597,5000,40,120,4,16.8,74.5,11,4,11,true,0414bc8277,
lct008,route3,outram-mc,11,1.002255,0.000594,10000,250,400,3,190.7,2.1,11,4,11,true,0414bc8277,
hst009,route4,outram-mc,21,1.004088,0.001678,5000,40,120,4,16.7,74.5,11,4,11,true,0414bc8277,
lct008,route5,outram-mc,11,1.002663,0.000650,10000,250,400,3,190.9,2.1,11,4,11,true,0414bc8277,
hst009,route4,outram-mc,22,1.000337,0.001547,5000,40,120,4,16.5,74.5,11,4,11,true,0414bc8277,
hst009,route4,outram-mc,23,1.003222,0.001751,5000,40,120,4,16.4,74.5,11,4,11,true,0414bc8277,
hst009,route4,outram-mc,24,1.006285,0.001653,5000,40,120,4,16.5,74.5,11,4,11,true,0414bc8277,
hst009,route4,outram-mc,25,0.999708,0.001818,5000,40,120,4,16.1,74.5,11,4,11,true,0414bc8277,
hst009,route4,outram-mc,26,1.004159,0.001529,5000,40,120,4,16.3,74.5,11,4,11,true,0414bc8277,
lct008,route4,outram-mc,11,1.003126,0.000643,10000,250,400,3,182.8,69.2,11,4,11,true,0414bc8277,
hst009,route4,outram-mc,27,1.002281,0.001585,5000,40,120,4,16.4,74.5,11,4,11,true,0414bc8277,
hst009,route4,outram-mc,28,1.002030,0.001555,5000,40,120,4,16.5,74.5,11,4,11,true,0414bc8277,
hst009,route4,outram-mc,29,1.000445,0.001749,5000,40,120,4,16.2,74.5,11,4,11,true,0414bc8277,
hst009,route4,outram-mc,30,1.002665,0.001644,5000,40,120,4,16.3,74.5,11,4,11,true,0414bc8277,
hst009,route4,outram-mc,31,0.999463,0.001662,5000,40,120,4,16.5,74.5,11,4,11,true,0414bc8277,
lct008,route3,outram-mc,12,1.002270,0.000632,10000,250,400,3,176.5,2.1,11,4,11,true,0414bc8277,
hst009,route4,outram-mc,32,1.003244,0.001548,5000,40,120,4,17.1,74.5,11,4,11,true,0414bc8277,
lct008,route5,outram-mc,12,1.001473,0.000628,10000,250,400,3,179.7,2.1,11,4,11,true,0414bc8277,
hst009,route5,outram-mc,1,1.002698,0.001542,5000,40,120,4,16.3,2.4,11,4,11,true,0414bc8277,
hst009,route5,outram-mc,2,1.000569,0.001549,5000,40,120,4,16.4,2.4,11,4,11,true,0414bc8277,
hst009,route5,outram-mc,3,1.004535,0.001503,5000,40,120,4,15.8,2.4,11,4,11,true,0414bc8277,
hst009,route5,outram-mc,4,1.003899,0.001304,5000,40,120,4,16.2,2.4,11,4,11,true,0414bc8277,
hst009,route5,outram-mc,5,1.001171,0.001479,5000,40,120,4,16.4,2.4,11,4,11,true,0414bc8277,
lct008,route4,outram-mc,12,1.002310,0.000610,10000,250,400,3,180.3,69.2,11,4,11,true,0414bc8277,
hst009,route5,outram-mc,6,1.003143,0.001729,5000,40,120,4,16.5,2.4,11,4,11,true,0414bc8277,
hst009,route5,outram-mc,7,1.000446,0.001506,5000,40,120,4,16.2,2.4,11,4,11,true,0414bc8277,
hst009,route5,outram-mc,8,1.003039,0.001601,5000,40,120,4,16.0,2.4,11,4,11,true,0414bc8277,
hst009,route5,outram-mc,9,1.003748,0.001582,5000,40,120,4,15.9,2.4,11,4,11,true,0414bc8277,
hst009,route5,outram-mc,10,1.003098,0.001547,5000,40,120,4,15.7,2.4,11,4,11,true,0414bc8277,
lct008,route3,outram-mc,13,1.001663,0.000562,10000,250,400,3,176.5,2.1,11,4,11,true,0414bc8277,
hst009,route5,outram-mc,11,1.001692,0.001583,5000,40,120,4,15.9,2.4,11,4,11,true,0414bc8277,
lct008,route5,outram-mc,13,1.001568,0.000591,10000,250,400,3,179.1,2.1,11,4,11,true,0414bc8277,
hst009,route5,outram-mc,12,1.004664,0.001508,5000,40,120,4,16.0,2.4,11,4,11,true,0414bc8277,
hst009,route5,outram-mc,13,1.001164,0.001388,5000,40,120,4,16.1,2.4,11,4,11,true,0414bc8277,
hst009,route5,outram-mc,14,1.002514,0.001506,5000,40,120,4,15.6,2.4,11,4,11,true,0414bc8277,
hst009,route5,outram-mc,15,1.001548,0.001553,5000,40,120,4,16.0,2.4,11,4,11,true,0414bc8277,
hst009,route5,outram-mc,16,1.000843,0.001657,5000,40,120,4,15.7,2.4,11,4,11,true,0414bc8277,
lct008,route4,outram-mc,13,1.002670,0.000579,10000,250,400,3,180.7,69.2,11,4,11,true,0414bc8277,
hst009,route5,outram-mc,17,1.001538,0.001365,5000,40,120,4,16.5,2.4,11,4,11,true,0414bc8277,
hst009,route5,outram-mc,18,1.002782,0.001652,5000,40,120,4,16.2,2.4,11,4,11,true,0414bc8277,
hst009,route5,outram-mc,19,1.004090,0.001482,5000,40,120,4,15.9,2.4,11,4,11,true,0414bc8277,
hst009,route5,outram-mc,20,1.002602,0.001519,5000,40,120,4,15.8,2.4,11,4,11,true,0414bc8277,
hst009,route5,outram-mc,21,1.001278,0.001540,5000,40,120,4,16.1,2.4,11,4,11,true,0414bc8277,
lct008,route3,outram-mc,14,1.003072,0.000573,10000,250,400,3,176.4,2.1,11,4,11,true,0414bc8277,
hst009,route5,outram-mc,22,1.001618,0.001587,5000,40,120,4,15.9,2.4,11,4,11,true,0414bc8277,
lct008,route5,outram-mc,14,1.002695,0.000608,10000,250,400,3,175.6,2.1,11,4,11,true,0414bc8277,
hst009,route5,outram-mc,23,1.004219,0.001510,5000,40,120,4,16.3,2.4,11,4,11,true,0414bc8277,
hst009,route5,outram-mc,24,1.005719,0.001473,5000,40,120,4,16.4,2.4,11,4,11,true,0414bc8277,
hst009,route5,outram-mc,25,1.001932,0.001715,5000,40,120,4,16.2,2.4,11,4,11,true,0414bc8277,
hst009,route5,outram-mc,26,1.001452,0.001382,5000,40,120,4,16.3,2.4,11,4,11,true,0414bc8277,
hst009,route5,outram-mc,27,1.002728,0.001657,5000,40,120,4,16.3,2.4,11,4,11,true,0414bc8277,
lct008,route4,outram-mc,14,1.002384,0.000593,10000,250,400,3,173.0,69.2,11,4,11,true,0414bc8277,
hst009,route5,outram-mc,28,1.002222,0.001422,5000,40,120,4,15.8,2.4,11,4,11,true,0414bc8277,
hst009,route5,outram-mc,29,1.001824,0.001637,5000,40,120,4,16.1,2.4,11,4,11,true,0414bc8277,
hst009,route5,outram-mc,30,1.002415,0.001603,5000,40,120,4,15.7,2.4,11,4,11,true,0414bc8277,
hst009,route5,outram-mc,31,1.003982,0.001496,5000,40,120,4,16.0,2.4,11,4,11,true,0414bc8277,
hst009,route5,outram-mc,32,1.002440,0.001509,5000,40,120,4,16.1,2.4,11,4,11,true,0414bc8277,
lct008,route3,outram-mc,15,1.002339,0.000603,10000,250,400,3,174.9,2.1,11,4,11,true,0414bc8277,
lct008,route5,outram-mc,15,1.002606,0.000619,10000,250,400,3,171.4,2.1,11,4,11,true,0414bc8277,
lct008,route4,outram-mc,15,1.001202,0.000647,10000,250,400,3,157.0,69.2,11,4,11,true,0414bc8277,
lct008,route3,outram-mc,16,1.003315,0.000649,10000,250,400,3,140.3,2.1,11,4,11,true,0414bc8277,
lct008,route5,outram-mc,16,1.000863,0.000592,10000,250,400,3,139.6,2.1,11,4,11,true,0414bc8277,
lct008,route4,outram-mc,16,1.002463,0.000642,10000,250,400,3,138.9,69.2,11,4,11,true,0414bc8277,
lct008,route3,outram-mc,17,1.002239,0.000582,10000,250,400,3,142.1,2.1,11,4,11,true,0414bc8277,
lct008,route5,outram-mc,17,1.001703,0.000601,10000,250,400,3,141.5,2.1,11,4,11,true,0414bc8277,
lct008,route4,outram-mc,17,1.002630,0.000602,10000,250,400,3,139.0,69.2,11,4,11,true,0414bc8277,
lct008,route3,outram-mc,18,1.002786,0.000600,10000,250,400,3,140.6,2.1,11,4,11,true,0414bc8277,
lct008,route5,outram-mc,18,1.002653,0.000589,10000,250,400,3,139.6,2.1,11,4,11,true,0414bc8277,
lct008,route4,outram-mc,18,1.001535,0.000653,10000,250,400,3,140.2,69.2,11,4,11,true,0414bc8277,
lct008,route5,outram-mc,19,1.003158,0.000602,10000,250,400,3,157.0,2.1,11,4,11,true,0414bc8277,
lct008,route3,outram-mc,19,1.001236,0.000630,10000,250,400,3,158.7,2.1,11,4,11,true,0414bc8277,
lct008,route4,outram-mc,19,1.001827,0.000617,10000,250,400,3,168.5,69.2,11,4,11,true,0414bc8277,
lct008,route5,outram-mc,20,1.002690,0.000598,10000,250,400,3,176.6,2.1,11,4,11,true,0414bc8277,
lct008,route3,outram-mc,20,1.001828,0.000597,10000,250,400,3,178.3,2.1,11,4,11,true,0414bc8277,
lct008,route4,outram-mc,20,1.002217,0.000640,10000,250,400,3,179.6,69.2,11,4,11,true,0414bc8277,
lct008,route5,outram-mc,21,1.002825,0.000618,10000,250,400,3,178.8,2.1,11,4,11,true,0414bc8277,
lct008,route3,outram-mc,21,1.001685,0.000622,10000,250,400,3,178.3,2.1,11,4,11,true,0414bc8277,
lct008,route4,outram-mc,21,1.002640,0.000662,10000,250,400,3,179.7,69.2,11,4,11,true,0414bc8277,
lct008,route5,outram-mc,22,1.002153,0.000633,10000,250,400,3,175.0,2.1,11,4,11,true,0414bc8277,
lct008,route3,outram-mc,22,1.002050,0.000580,10000,250,400,3,175.6,2.1,11,4,11,true,0414bc8277,
lct008,route4,outram-mc,22,1.002866,0.000578,10000,250,400,3,177.1,69.2,11,4,11,true,0414bc8277,
lct008,route3,outram-mc,23,1.001837,0.000648,10000,250,400,3,173.0,2.1,11,4,11,true,0414bc8277,
lct008,route5,outram-mc,23,1.002838,0.000597,10000,250,400,3,177.0,2.1,11,4,11,true,0414bc8277,
lct008,route4,outram-mc,23,1.002068,0.000667,10000,250,400,3,172.4,69.2,11,4,11,true,0414bc8277,
lct008,route5,outram-mc,24,1.003022,0.000594,10000,250,400,3,173.1,2.1,11,4,11,true,0414bc8277,
lct008,route3,outram-mc,24,1.002510,0.000616,10000,250,400,3,177.5,2.1,11,4,11,true,0414bc8277,
lct008,route4,outram-mc,24,1.002176,0.000627,10000,250,400,3,174.6,69.2,11,4,11,true,0414bc8277,
lct008,route5,outram-mc,25,1.002315,0.000595,10000,250,400,3,175.9,2.1,11,4,11,true,0414bc8277,
lct008,route3,outram-mc,25,1.002626,0.000595,10000,250,400,3,176.5,2.1,11,4,11,true,0414bc8277,
lct008,route4,outram-mc,25,1.002077,0.000622,10000,250,400,3,170.5,69.2,11,4,11,true,0414bc8277,
lct008,route5,outram-mc,26,1.002062,0.000584,10000,250,400,3,174.1,2.1,11,4,11,true,0414bc8277,
lct008,route3,outram-mc,26,1.002640,0.000615,10000,250,400,3,178.6,2.1,11,4,11,true,0414bc8277,
lct008,route4,outram-mc,26,1.001583,0.000626,10000,250,400,3,172.6,69.2,11,4,11,true,0414bc8277,
lct008,route5,outram-mc,27,1.001994,0.000569,10000,250,400,3,172.4,2.1,11,4,11,true,0414bc8277,
lct008,route3,outram-mc,27,1.001243,0.000621,10000,250,400,3,177.1,2.1,11,4,11,true,0414bc8277,
lct008,route4,outram-mc,27,1.003034,0.000586,10000,250,400,3,174.1,69.2,11,4,11,true,0414bc8277,
lct008,route5,outram-mc,28,1.002066,0.000589,10000,250,400,3,174.3,2.1,11,4,11,true,0414bc8277,
lct008,route3,outram-mc,28,1.002720,0.000594,10000,250,400,3,173.0,2.1,11,4,11,true,0414bc8277,
lct008,route4,outram-mc,28,1.002328,0.000604,10000,250,400,3,172.6,69.2,11,4,11,true,0414bc8277,
lct008,route5,outram-mc,29,1.001718,0.000613,10000,250,400,3,173.9,2.1,11,4,11,true,0414bc8277,
lct008,route3,outram-mc,29,1.002069,0.000615,10000,250,400,3,172.2,2.1,11,4,11,true,0414bc8277,
lct008,route4,outram-mc,29,1.001697,0.000612,10000,250,400,3,172.8,69.2,11,4,11,true,0414bc8277,
lct008,route5,outram-mc,30,1.002567,0.000608,10000,250,400,3,181.2,2.1,11,4,11,true,0414bc8277,
lct008,route3,outram-mc,30,1.002871,0.000566,10000,250,400,3,172.1,2.1,11,4,11,true,0414bc8277,
lct008,route4,outram-mc,30,1.002636,0.000620,10000,250,400,3,172.3,69.2,11,4,11,true,0414bc8277,
lct008,route5,outram-mc,31,1.003172,0.000628,10000,250,400,3,173.3,2.1,11,4,11,true,0414bc8277,
lct008,route3,outram-mc,31,1.002245,0.000600,10000,250,400,3,173.2,2.1,11,4,11,true,0414bc8277,
lct008,route4,outram-mc,31,1.001496,0.000653,10000,250,400,3,170.4,69.2,11,4,11,true,0414bc8277,
lct008,route5,outram-mc,32,1.001927,0.000618,10000,250,400,3,173.0,2.1,11,4,11,true,0414bc8277,
lct008,route3,outram-mc,32,1.002202,0.000607,10000,250,400,3,177.2,2.1,11,4,11,true,0414bc8277,
lct008,route4,outram-mc,32,1.001889,0.000615,10000,250,400,3,171.1,69.2,11,4,11,true,0414bc8277,
lct008,route5,outram-mc,33,1.003090,0.000612,10000,250,400,3,173.4,2.1,11,4,11,true,0414bc8277,
lct008,route3,outram-mc,33,1.003016,0.000596,10000,250,400,3,171.2,2.1,11,4,11,true,0414bc8277,
lct008,route4,outram-mc,33,1.002793,0.000596,10000,250,400,3,177.7,69.2,11,4,11,true,0414bc8277,
lct008,route5,outram-mc,34,1.002179,0.000642,10000,250,400,3,172.0,2.1,11,4,11,true,0414bc8277,
lct008,route3,outram-mc,34,1.001083,0.000603,10000,250,400,3,170.8,2.1,11,4,11,true,0414bc8277,
lct008,route4,outram-mc,34,1.001415,0.000605,10000,250,400,3,173.9,69.2,11,4,11,true,0414bc8277,
lct008,route5,outram-mc,35,1.001615,0.000609,10000,250,400,3,170.0,2.1,11,4,11,true,0414bc8277,
lct008,route3,outram-mc,35,1.002558,0.000608,10000,250,400,3,174.3,2.1,11,4,11,true,0414bc8277,
lct008,route4,outram-mc,35,1.002618,0.000620,10000,250,400,3,173.3,69.2,11,4,11,true,0414bc8277,
lct008,route5,outram-mc,36,1.003999,0.000611,10000,250,400,3,173.4,2.1,11,4,11,true,0414bc8277,
lct008,route3,outram-mc,36,1.002158,0.000585,10000,250,400,3,171.5,2.1,11,4,11,true,0414bc8277,
lct008,route4,outram-mc,36,1.004210,0.000630,10000,250,400,3,169.3,69.2,11,4,11,true,0414bc8277,
lct008,route5,outram-mc,37,1.002491,0.000604,10000,250,400,3,172.9,2.1,11,4,11,true,0414bc8277,
lct008,route3,outram-mc,37,1.001590,0.000637,10000,250,400,3,174.1,2.1,11,4,11,true,0414bc8277,
lct008,route4,outram-mc,37,1.002220,0.000582,10000,250,400,3,170.9,69.2,11,4,11,true,0414bc8277,
lct008,route5,outram-mc,38,1.002856,0.000587,10000,250,400,3,169.7,2.1,11,4,11,true,0414bc8277,
lct008,route3,outram-mc,38,1.002790,0.000618,10000,250,400,3,173.9,2.1,11,4,11,true,0414bc8277,
lct008,route4,outram-mc,38,1.002167,0.000579,10000,250,400,3,173.2,69.2,11,4,11,true,0414bc8277,
lct008,route5,outram-mc,39,1.002525,0.000626,10000,250,400,3,171.5,2.1,11,4,11,true,0414bc8277,
lct008,route3,outram-mc,39,1.001611,0.000613,10000,250,400,3,172.2,2.1,11,4,11,true,0414bc8277,
lct008,route4,outram-mc,39,1.003561,0.000598,10000,250,400,3,172.9,69.2,11,4,11,true,0414bc8277,
lct008,route5,outram-mc,40,1.001567,0.000605,10000,250,400,3,171.0,2.1,11,4,11,true,0414bc8277,
lct008,route3,outram-mc,40,1.002053,0.000632,10000,250,400,3,173.3,2.1,11,4,11,true,0414bc8277,
lct008,route4,outram-mc,40,1.004212,0.000591,10000,250,400,3,172.0,69.2,11,4,11,true,0414bc8277,
lct008,route5,outram-mc,41,1.002057,0.000618,10000,250,400,3,173.2,2.1,11,4,11,true,0414bc8277,
lct008,route3,outram-mc,41,1.001741,0.000637,10000,250,400,3,174.7,2.1,11,4,11,true,0414bc8277,
lct008,route4,outram-mc,41,1.002392,0.000646,10000,250,400,3,172.4,69.2,11,4,11,true,0414bc8277,
lct008,route5,outram-mc,42,1.004390,0.000590,10000,250,400,3,170.1,2.1,11,4,11,true,0414bc8277,
lct008,route3,outram-mc,42,1.001718,0.000606,10000,250,400,3,173.5,2.1,11,4,11,true,0414bc8277,
lct008,route4,outram-mc,42,1.002388,0.000576,10000,250,400,3,164.3,69.2,11,4,11,true,0414bc8277,
lct008,route5,outram-mc,43,1.003510,0.000610,10000,250,400,3,145.0,2.1,11,4,11,true,0414bc8277,
lct008,route3,outram-mc,43,1.002725,0.000631,10000,250,400,3,139.7,2.1,11,4,11,true,0414bc8277,
lct008,route4,outram-mc,43,1.002609,0.000609,10000,250,400,3,136.7,69.2,11,4,11,true,0414bc8277,
lct008,route5,outram-mc,44,1.002921,0.000632,10000,250,400,3,136.6,2.1,11,4,11,true,0414bc8277,
lct008,route3,outram-mc,44,1.002047,0.000611,10000,250,400,3,136.3,2.1,11,4,11,true,0414bc8277,
lct008,route4,outram-mc,44,1.002537,0.000641,10000,250,400,3,147.8,69.2,11,4,11,true,0414bc8277,
lct008,route5,outram-mc,45,1.001290,0.000607,10000,250,400,3,170.9,2.1,11,4,11,true,0414bc8277,
lct008,route3,outram-mc,45,1.003159,0.000597,10000,250,400,3,171.9,2.1,11,4,11,true,0414bc8277,
lct008,route4,outram-mc,45,1.002358,0.000619,10000,250,400,3,173.1,69.2,11,4,11,true,0414bc8277,
lct008,route5,outram-mc,46,1.001749,0.000596,10000,250,400,3,171.3,2.1,11,4,11,true,0414bc8277,
lct008,route3,outram-mc,46,1.002793,0.000621,10000,250,400,3,169.8,2.1,11,4,11,true,0414bc8277,
lct008,route4,outram-mc,46,1.001268,0.000604,10000,250,400,3,175.2,69.2,11,4,11,true,0414bc8277,
lct008,route5,outram-mc,47,1.002607,0.000616,10000,250,400,3,173.2,2.1,11,4,11,true,0414bc8277,
lct008,route3,outram-mc,47,1.002919,0.000636,10000,250,400,3,173.0,2.1,11,4,11,true,0414bc8277,
lct008,route4,outram-mc,47,1.002631,0.000597,10000,250,400,3,172.4,69.2,11,4,11,true,0414bc8277,
lct008,route5,outram-mc,48,1.002547,0.000662,10000,250,400,3,173.7,2.1,11,4,11,true,0414bc8277,
lct008,route3,outram-mc,48,1.002876,0.000608,10000,250,400,3,168.2,2.1,11,4,11,true,0414bc8277,
lct008,route4,outram-mc,48,1.001814,0.000605,10000,250,400,3,170.7,69.2,11,4,11,true,0414bc8277,
lct008,route5,outram-mc,49,1.002690,0.000603,10000,250,400,3,166.9,2.1,11,4,11,true,0414bc8277,
lct008,route3,outram-mc,49,1.002059,0.000581,10000,250,400,3,170.5,2.1,11,4,11,true,0414bc8277,
lct008,route4,outram-mc,49,1.000792,0.000612,10000,250,400,3,167.0,69.2,11,4,11,true,0414bc8277,
lct008,route5,outram-mc,50,1.002200,0.000666,10000,250,400,3,169.5,2.1,11,4,11,true,0414bc8277,
lct008,route3,outram-mc,50,1.002676,0.000594,10000,250,400,3,167.8,2.1,11,4,11,true,0414bc8277,
lct008,route4,outram-mc,50,1.001738,0.000589,10000,250,400,3,169.3,69.2,11,4,11,true,0414bc8277,
lct008,route5,outram-mc,51,1.002167,0.000637,10000,250,400,3,166.4,2.1,11,4,11,true,0414bc8277,
lct008,route3,outram-mc,51,1.002931,0.000613,10000,250,400,3,170.1,2.1,11,4,11,true,0414bc8277,
lct008,route4,outram-mc,51,1.002177,0.000621,10000,250,400,3,169.3,69.2,11,4,11,true,0414bc8277,
lct008,route5,outram-mc,52,1.002759,0.000621,10000,250,400,3,169.2,2.1,11,4,11,true,0414bc8277,
lct008,route3,outram-mc,52,1.002641,0.000590,10000,250,400,3,170.2,2.1,11,4,11,true,0414bc8277,
lct008,route4,outram-mc,52,1.003082,0.000603,10000,250,400,3,166.2,69.2,11,4,11,true,0414bc8277,
lct008,route5,outram-mc,53,1.003053,0.000641,10000,250,400,3,167.7,2.1,11,4,11,true,0414bc8277,
lct008,route3,outram-mc,53,1.001687,0.000603,10000,250,400,3,166.4,2.1,11,4,11,true,0414bc8277,
lct008,route4,outram-mc,53,1.003695,0.000648,10000,250,400,3,165.6,69.2,11,4,11,true,0414bc8277,
lct008,route5,outram-mc,54,1.002424,0.000669,10000,250,400,3,167.8,2.1,11,4,11,true,0414bc8277,
lct008,route3,outram-mc,54,1.002260,0.000640,10000,250,400,3,167.6,2.1,11,4,11,true,0414bc8277,
lct008,route4,outram-mc,54,1.004118,0.000598,10000,250,400,3,169.0,69.2,11,4,11,true,0414bc8277,
lct008,route5,outram-mc,55,1.001544,0.000573,10000,250,400,3,168.7,2.1,11,4,11,true,0414bc8277,
lct008,route3,outram-mc,55,1.002089,0.000616,10000,250,400,3,169.0,2.1,11,4,11,true,0414bc8277,
lct008,route4,outram-mc,55,1.002915,0.000559,10000,250,400,3,170.9,69.2,11,4,11,true,0414bc8277,
lct008,route5,outram-mc,56,1.003087,0.000556,10000,250,400,3,165.9,2.1,11,4,11,true,0414bc8277,
lct008,route3,outram-mc,56,1.002111,0.000560,10000,250,400,3,166.0,2.1,11,4,11,true,0414bc8277,
lct008,route4,outram-mc,56,1.001847,0.000559,10000,250,400,3,165.4,69.2,11,4,11,true,0414bc8277,
lct008,route5,outram-mc,57,1.002142,0.000601,10000,250,400,3,168.6,2.1,11,4,11,true,0414bc8277,
lct008,route3,outram-mc,57,1.002142,0.000617,10000,250,400,3,167.5,2.1,11,4,11,true,0414bc8277,
lct008,route4,outram-mc,57,1.002692,0.000619,10000,250,400,3,168.7,69.2,11,4,11,true,0414bc8277,
lct008,route5,outram-mc,58,1.001686,0.000580,10000,250,400,3,166.8,2.1,11,4,11,true,0414bc8277,
lct008,route3,outram-mc,58,1.001680,0.000616,10000,250,400,3,166.0,2.1,11,4,11,true,0414bc8277,
lct008,route4,outram-mc,58,1.002237,0.000589,10000,250,400,3,166.2,69.2,11,4,11,true,0414bc8277,
lct008,route5,outram-mc,59,1.002362,0.000599,10000,250,400,3,166.1,2.1,11,4,11,true,0414bc8277,
lct008,route3,outram-mc,59,1.001644,0.000623,10000,250,400,3,168.1,2.1,11,4,11,true,0414bc8277,
lct008,route4,outram-mc,59,1.002819,0.000594,10000,250,400,3,165.4,69.2,11,4,11,true,0414bc8277,
lct008,route5,outram-mc,60,1.001452,0.000635,10000,250,400,3,169.6,2.1,11,4,11,true,0414bc8277,
lct008,route3,outram-mc,60,1.001720,0.000606,10000,250,400,3,169.2,2.1,11,4,11,true,0414bc8277,
lct008,route4,outram-mc,60,1.003454,0.000624,10000,250,400,3,167.6,69.2,11,4,11,true,0414bc8277,
lct008,route5,outram-mc,61,1.002130,0.000645,10000,250,400,3,168.5,2.1,11,4,11,true,0414bc8277,
lct008,route3,outram-mc,61,1.002827,0.000617,10000,250,400,3,167.3,2.1,11,4,11,true,0414bc8277,
lct008,route4,outram-mc,61,1.001593,0.000603,10000,250,400,3,162.9,69.2,11,4,11,true,0414bc8277,
lct008,route5,outram-mc,62,1.001801,0.000610,10000,250,400,3,168.6,2.1,11,4,11,true,0414bc8277,
lct008,route3,outram-mc,62,1.002128,0.000638,10000,250,400,3,166.9,2.1,11,4,11,true,0414bc8277,
lct008,route4,outram-mc,62,1.003001,0.000588,10000,250,400,3,171.2,69.2,11,4,11,true,0414bc8277,
lct008,route5,outram-mc,63,1.001965,0.000620,10000,250,400,3,169.6,2.1,11,4,11,true,0414bc8277,
lct008,route3,outram-mc,63,1.002162,0.000599,10000,250,400,3,168.0,2.1,11,4,11,true,0414bc8277,
lct008,route4,outram-mc,63,1.001233,0.000601,10000,250,400,3,168.9,69.2,11,4,11,true,0414bc8277,
lct008,route5,outram-mc,64,1.002420,0.000620,10000,250,400,3,167.3,2.1,11,4,11,true,0414bc8277,
lct008,route3,outram-mc,64,1.003314,0.000604,10000,250,400,3,165.6,2.1,11,4,11,true,0414bc8277,
lct008,route4,outram-mc,64,1.002365,0.000600,10000,250,400,3,167.8,69.2,11,4,11,true,0414bc8277,
lct008,route5,outram-mc,65,1.002420,0.000590,10000,250,400,3,167.1,2.1,11,4,11,true,0414bc8277,
lct008,route3,outram-mc,65,1.002068,0.000616,10000,250,400,3,169.8,2.1,11,4,11,true,0414bc8277,
lct008,route4,outram-mc,65,1.002526,0.000605,10000,250,400,3,170.1,69.2,11,4,11,true,0414bc8277,
lct008,route5,outram-mc,66,1.002453,0.000576,10000,250,400,3,165.5,2.1,11,4,11,true,0414bc8277,
lct008,route3,outram-mc,66,1.002005,0.000640,10000,250,400,3,167.6,2.1,11,4,11,true,0414bc8277,
lct008,route4,outram-mc,66,1.002717,0.000589,10000,250,400,3,167.6,69.2,11,4,11,true,0414bc8277,
lct008,route5,outram-mc,67,1.003471,0.000613,10000,250,400,3,164.6,2.1,11,4,11,true,0414bc8277,
lct008,route3,outram-mc,67,1.002468,0.000560,10000,250,400,3,167.0,2.1,11,4,11,true,0414bc8277,
lct008,route4,outram-mc,67,1.001502,0.000583,10000,250,400,3,165.7,69.2,11,4,11,true,0414bc8277,
lct008,route5,outram-mc,68,1.003283,0.000616,10000,250,400,3,168.9,2.1,11,4,11,true,0414bc8277,
lct008,route3,outram-mc,68,1.002022,0.000614,10000,250,400,3,165.1,2.1,11,4,11,true,0414bc8277,
lct008,route4,outram-mc,68,1.002913,0.000580,10000,250,400,3,168.8,69.2,11,4,11,true,0414bc8277,
lct008,route5,outram-mc,69,1.002306,0.000643,10000,250,400,3,169.7,2.1,11,4,11,true,0414bc8277,
lct008,route3,outram-mc,69,1.001387,0.000571,10000,250,400,3,165.0,2.1,11,4,11,true,0414bc8277,
lct008,route4,outram-mc,69,1.001669,0.000609,10000,250,400,3,169.1,69.2,11,4,11,true,0414bc8277,
lct008,route3,outram-mc,70,1.001428,0.000579,10000,250,400,3,165.2,2.1,11,4,11,true,0414bc8277,
lct008,route5,outram-mc,70,1.002806,0.000596,10000,250,400,3,168.2,2.1,11,4,11,true,0414bc8277,
lct008,route4,outram-mc,70,1.002724,0.000593,10000,250,400,3,168.8,69.2,11,4,11,true,0414bc8277,
lct008,route3,outram-mc,71,1.002161,0.000621,10000,250,400,3,168.0,2.1,11,4,11,true,0414bc8277,
lct008,route5,outram-mc,71,1.001452,0.000620,10000,250,400,3,169.7,2.1,11,4,11,true,0414bc8277,
lct008,route4,outram-mc,71,1.002435,0.000594,10000,250,400,3,167.5,69.2,11,4,11,true,0414bc8277,
lct008,route3,outram-mc,72,1.001508,0.000594,10000,250,400,3,168.7,2.1,11,4,11,true,0414bc8277,
lct008,route5,outram-mc,72,1.002851,0.000617,10000,250,400,3,167.2,2.1,11,4,11,true,0414bc8277,
lct008,route4,outram-mc,72,1.001376,0.000586,10000,250,400,3,168.1,69.2,11,4,11,true,0414bc8277,
lct008,route5,outram-mc,73,1.002556,0.000591,10000,250,400,3,166.7,2.1,11,4,11,true,0414bc8277,
lct008,route3,outram-mc,73,1.002351,0.000662,10000,250,400,3,168.3,2.1,11,4,11,true,0414bc8277,
lct008,route4,outram-mc,73,1.002692,0.000637,10000,250,400,3,164.9,69.2,11,4,11,true,0414bc8277,
lct008,route5,outram-mc,74,1.002244,0.000581,10000,250,400,3,168.8,2.1,11,4,11,true,0414bc8277,
lct008,route3,outram-mc,74,1.002748,0.000628,10000,250,400,3,170.1,2.1,11,4,11,true,0414bc8277,
lct008,route4,outram-mc,74,1.002993,0.000648,10000,250,400,3,171.7,69.2,11,4,11,true,0414bc8277,
lct008,route3,outram-mc,75,1.002500,0.000611,10000,250,400,3,166.7,2.1,11,4,11,true,0414bc8277,
lct008,route5,outram-mc,75,1.002860,0.000630,10000,250,400,3,169.4,2.1,11,4,11,true,0414bc8277,
lct008,route4,outram-mc,75,1.002430,0.000609,10000,250,400,3,167.4,69.2,11,4,11,true,0414bc8277,
lct008,route5,outram-mc,76,1.002541,0.000606,10000,250,400,3,164.3,2.1,11,4,11,true,0414bc8277,
lct008,route3,outram-mc,76,1.001082,0.000635,10000,250,400,3,167.7,2.1,11,4,11,true,0414bc8277,
lct008,route4,outram-mc,76,1.002279,0.000610,10000,250,400,3,167.1,69.2,11,4,11,true,0414bc8277,
lct008,route5,outram-mc,77,1.001462,0.000651,10000,250,400,3,168.3,2.1,11,4,11,true,0414bc8277,
lct008,route3,outram-mc,77,1.000831,0.000576,10000,250,400,3,168.7,2.1,11,4,11,true,0414bc8277,
lct008,route4,outram-mc,77,1.001414,0.000576,10000,250,400,3,167.5,69.2,11,4,11,true,0414bc8277,
lct008,route5,outram-mc,78,1.001708,0.000589,10000,250,400,3,164.6,2.1,11,4,11,true,0414bc8277,
lct008,route3,outram-mc,78,1.002733,0.000625,10000,250,400,3,169.3,2.1,11,4,11,true,0414bc8277,
lct008,route4,outram-mc,78,1.002912,0.000603,10000,250,400,3,169.3,69.2,11,4,11,true,0414bc8277,
lct008,route5,outram-mc,79,1.002671,0.000623,10000,250,400,3,164.8,2.1,11,4,11,true,0414bc8277,
lct008,route3,outram-mc,79,1.002582,0.000624,10000,250,400,3,170.3,2.1,11,4,11,true,0414bc8277,
lct008,route4,outram-mc,79,1.001881,0.000594,10000,250,400,3,165.6,69.2,11,4,11,true,0414bc8277,
lct008,route5,outram-mc,80,1.003119,0.000602,10000,250,400,3,169.2,2.1,11,4,11,true,0414bc8277,
lct008,route3,outram-mc,80,1.002115,0.000602,10000,250,400,3,167.2,2.1,11,4,11,true,0414bc8277,
lct008,route4,outram-mc,80,1.003043,0.000629,10000,250,400,3,171.5,69.2,11,4,11,true,0414bc8277,
lct008,route5,outram-mc,81,1.002474,0.000614,10000,250,400,3,167.2,2.1,11,4,11,true,0414bc8277,
lct008,route3,outram-mc,81,1.001410,0.000600,10000,250,400,3,171.1,2.1,11,4,11,true,0414bc8277,
lct008,route4,outram-mc,81,1.001277,0.000628,10000,250,400,3,168.2,69.2,11,4,11,true,0414bc8277,
lct008,route5,outram-mc,82,1.003815,0.000621,10000,250,400,3,168.5,2.1,11,4,11,true,0414bc8277,
lct008,route3,outram-mc,82,1.002648,0.000623,10000,250,400,3,166.3,2.1,11,4,11,true,0414bc8277,
lct008,route4,outram-mc,82,1.002704,0.000602,10000,250,400,3,165.4,69.2,11,4,11,true,0414bc8277,
lct008,route5,outram-mc,83,1.001201,0.000578,10000,250,400,3,168.4,2.1,11,4,11,true,0414bc8277,
lct008,route3,outram-mc,83,1.002951,0.000610,10000,250,400,3,166.6,2.1,11,4,11,true,0414bc8277,
lct008,route4,outram-mc,83,1.001689,0.000632,10000,250,400,3,167.7,69.2,11,4,11,true,0414bc8277,
lct008,route5,outram-mc,84,1.001563,0.000626,10000,250,400,3,168.9,2.1,11,4,11,true,0414bc8277,
lct008,route3,outram-mc,84,1.001115,0.000625,10000,250,400,3,169.1,2.1,11,4,11,true,0414bc8277,
lct008,route4,outram-mc,84,1.002709,0.000608,10000,250,400,3,170.6,69.2,11,4,11,true,0414bc8277,
lct008,route5,outram-mc,85,1.002398,0.000658,10000,250,400,3,167.4,2.1,11,4,11,true,0414bc8277,
lct008,route3,outram-mc,85,1.002702,0.000580,10000,250,400,3,167.3,2.1,11,4,11,true,0414bc8277,
lct008,route4,outram-mc,85,1.004432,0.000680,10000,250,400,3,165.3,69.2,11,4,11,true,0414bc8277,
lct008,route5,outram-mc,86,1.002044,0.000624,10000,250,400,3,169.5,2.1,11,4,11,true,0414bc8277,
lct008,route3,outram-mc,86,1.002242,0.000614,10000,250,400,3,170.7,2.1,11,4,11,true,0414bc8277,
lct008,route4,outram-mc,86,1.002121,0.000643,10000,250,400,3,168.7,69.2,11,4,11,true,0414bc8277,
lct008,route5,outram-mc,87,1.002675,0.000619,10000,250,400,3,170.9,2.1,11,4,11,true,0414bc8277,
lct008,route3,outram-mc,87,1.002208,0.000579,10000,250,400,3,168.6,2.1,11,4,11,true,0414bc8277,
lct008,route4,outram-mc,87,1.001627,0.000616,10000,250,400,3,167.4,69.2,11,4,11,true,0414bc8277,
lct008,route5,outram-mc,88,1.003100,0.000599,10000,250,400,3,166.0,2.1,11,4,11,true,0414bc8277,
lct008,route3,outram-mc,88,1.003063,0.000638,10000,250,400,3,168.9,2.1,11,4,11,true,0414bc8277,
lct008,route4,outram-mc,88,1.001877,0.000608,10000,250,400,3,165.6,69.2,11,4,11,true,0414bc8277,
lct008,route5,outram-mc,89,1.002491,0.000622,10000,250,400,3,167.3,2.1,11,4,11,true,0414bc8277,
lct008,route3,outram-mc,89,1.003253,0.000595,10000,250,400,3,173.2,2.1,11,4,11,true,0414bc8277,
lct008,route4,outram-mc,89,1.003437,0.000595,10000,250,400,3,169.5,69.2,11,4,11,true,0414bc8277,
lct008,route5,outram-mc,90,1.003055,0.000581,10000,250,400,3,163.6,2.1,11,4,11,true,0414bc8277,
lct008,route3,outram-mc,90,1.002879,0.000619,10000,250,400,3,167.5,2.1,11,4,11,true,0414bc8277,
lct008,route4,outram-mc,90,1.002147,0.000606,10000,250,400,3,167.3,69.2,11,4,11,true,0414bc8277,
lct008,route5,outram-mc,91,1.002590,0.000582,10000,250,400,3,165.2,2.1,11,4,11,true,0414bc8277,
lct008,route3,outram-mc,91,1.002045,0.000630,10000,250,400,3,168.2,2.1,11,4,11,true,0414bc8277,
lct008,route4,outram-mc,91,1.002361,0.000633,10000,250,400,3,167.0,69.2,11,4,11,true,0414bc8277,
lct008,route5,outram-mc,92,1.002239,0.000649,10000,250,400,3,157.7,2.1,11,4,11,true,0414bc8277,
lct008,route3,outram-mc,92,1.003041,0.000612,10000,250,400,3,154.8,2.1,11,4,11,true,0414bc8277,
lct008,route4,outram-mc,92,1.003117,0.000624,10000,250,400,3,143.8,69.2,11,4,11,true,0414bc8277,
lct008,route5,outram-mc,93,1.002542,0.000601,10000,250,400,3,131.3,2.1,11,4,11,true,0414bc8277,
lct008,route3,outram-mc,93,1.002281,0.000676,10000,250,400,3,133.1,2.1,11,4,11,true,0414bc8277,
lct008,route4,outram-mc,93,1.001923,0.000593,10000,250,400,3,131.3,69.2,11,4,11,true,0414bc8277,
lct008,route5,outram-mc,94,1.002790,0.000608,10000,250,400,3,131.5,2.1,11,4,11,true,0414bc8277,
lct008,route3,outram-mc,94,1.001871,0.000630,10000,250,400,3,131.9,2.1,11,4,11,true,0414bc8277,
lct008,route4,outram-mc,94,1.002276,0.000645,10000,250,400,3,132.0,69.2,11,4,11,true,0414bc8277,
lct008,route5,outram-mc,95,1.002064,0.000607,10000,250,400,3,130.7,2.1,11,4,11,true,0414bc8277,
lct008,route3,outram-mc,95,1.002167,0.000603,10000,250,400,3,133.1,2.1,11,4,11,true,0414bc8277,
lct008,route4,outram-mc,95,1.003692,0.000612,10000,250,400,3,131.0,69.2,11,4,11,true,0414bc8277,
lct008,route5,outram-mc,96,1.003180,0.000574,10000,250,400,3,131.2,2.1,11,4,11,true,0414bc8277,
lct008,route3,outram-mc,96,1.002674,0.000592,10000,250,400,3,127.6,2.1,11,4,11,true,0414bc8277,
lct008,route4,outram-mc,96,1.003204,0.000602,10000,250,400,3,120.5,69.2,11,4,11,true,0414bc8277,
